0  6
1  0
2  0
3  0
4  0
5  0
6  0
7  0
8  0
9  0
10  0
11  0
12  0
13  0
14  0
15  0
16  0
17  0
18  0
19  0
20  0
21  0
22  0
23  0
24  0
25  0
26  0
27  0
28  0
29  0
30  0
31  0
32  0
33  0
34  0
35  0
36  0
37  0
38  0
39  0
40  0
41  0
42  0
43  0
44  0
45  0
46  0
47  0
48  0
49  0
50  0
51  1
52  2
53  1
54  2
55  9
56  19
57  22
58  21
59  34
60  37
61  40
62  32
63  42
64  38
65  41
66  29
67  33
68  32
69  25
70  28
71  36
72  37
73  40
74  34
75  38
76  29
77  28
78  31
79  44
80  37
81  40
82  39
83  43
84  41
85  36
86  32
87  34
88  36
89  47
90  25
91  32
92  38
93  34
94  28
95  35
96  35
97  39
98  29
99  34
100  43
101  31
102  50
103  39
104  41
105  44
106  35
107  44
108  32
109  34
110  50
111  39
112  45
113  51
114  34
115  35
116  34
117  27
118  32
119  35
120  37
121  33
122  38
123  29
124  49
125  35
126  41
127  31
128  31
129  35
130  40
131  40
132  45
133  33
134  42
135  43
136  36
137  42
138  27
139  37
140  43
141  40
142  45
143  41
144  35
145  50
146  38
147  33
148  38
149  40
150  31
151  22
152  31
153  33
154  29
155  30
156  34
157  34
158  31
159  20
160  37
161  43
162  31
163  37
164  36
165  37
166  37
167  37
168  24
169  24
170  34
171  32
172  30
173  30
174  25
175  36
176  33
177  31
178  40
179  30
180  31
181  34
182  33
183  34
184  33
185  36
186  22
187  23
188  27
189  33
190  27
191  21
192  31
193  31
194  27
195  21
196  16
197  36
198  24
199  24
200  19
201  15
202  18
203  11
204  18
205  12
206  12
207  16
208  20
209  23
210  12
211  14
212  17
213  9
214  15
215  14
216  7
217  6
218  12
219  10
220  13
221  9
222  7
223  7
224  8
225  10
226  12
227  7
228  13
229  11
230  9
231  7
232  10
233  7
234  2
235  8
236  15
237  7
238  10
239  9
240  17
241  7
242  16
243  14
244  22
245  19
246  17
247  18
248  19
249  22
250  24
251  27
252  33
253  40
254  42
255  45
256  35
257  57
258  61
259  52
260  77
261  73
262  63
263  93
264  97
265  93
266  102
267  97
268  129
269  127
270  122
271  136
272  135
273  128
274  159
275  154
276  152
277  157
278  180
279  181
280  226
281  159
282  186
283  183
284  172
285  179
286  175
287  186
288  191
289  163
290  161
291  143
292  170
293  146
294  159
295  127
296  149
297  136
298  125
299  131
300  116
301  127
302  122
303  97
304  108
305  95
306  80
307  84
308  80
309  81
310  58
311  78
312  61
313  48
314  53
315  41
316  45
317  38
318  41
319  30
320  33
321  39
322  27
323  29
324  22
325  25
326  30
327  20
328  18
329  20
330  17
331  18
332  9
333  13
334  13
335  10
336  8
337  5
338  9
339  7
340  6
341  8
342  5
343  5
344  4
345  3
346  4
347  3
348  3
349  6
350  1
351  1
352  5
353  4
354  0
355  4
356  3
357  2
358  3
359  2
360  0
361  4
362  2
363  0
364  0
365  1
366  1
367  2
368  1
369  2
370  2
371  1
372  0
373  1
374  1
375  1
376  1
377  0
378  2
379  0
380  1
381  1
382  2
383  1
384  1
385  0
386  0
387  0
388  1
389  0
390  2
391  0
392  0
393  1
394  1
395  0
396  1
397  0
398  1
399  2
400  1
401  0
402  0
403  0
404  1
405  1
406  0
407  0
408  1
409  2
410  0
411  1
412  1
413  1
414  2
415  0
416  0
417  0
418  0
419  1
420  0
421  0
422  1
423  0
424  0
425  0
426  0
427  0
428  0
429  0
430  1
431  0
432  2
433  0
434  0
435  0
436  1
437  0
438  0
439  1
440  0
441  0
442  0
443  1
444  0
445  0
446  0
447  0
448  1
449  0
450  0
451  0
452  0
453  0
454  0
455  0
456  0
457  0
458  0
459  0
460  0
461  2
462  0
463  0
464  0
465  0
466  1
467  0
468  0
469  0
470  0
471  0
472  0
473  0
474  1
475  1
476  0
477  0
478  0
479  0
480  0
481  0
482  0
483  0
484  0
485  1
486  1
487  0
488  1
489  0
490  1
491  1
492  0
493  0
494  2
495  0
496  0
497  0
498  0
499  1
500  0
501  1
502  0
503  1
504  0
505  1
506  1
507  1
508  1
509  1
510  1
511  0
512  0
513  1
514  0
515  1
516  0
517  0
518  0
519  0
520  0
521  0
522  1
523  0
524  0
525  0
526  0
527  0
528  1
529  0
530  0
531  0
532  0
533  0
534  0
535  0
536  0
537  0
538  0
539  0
540  0
541  0
542  0
543  0
544  0
545  1
546  0
547  0
548  0
549  0
550  0
551  1
552  0
553  1
554  0
555  0
556  0
557  0
558  1
559  0
560  1
561  0
562  0
563  0
564  0
565  0
566  0
567  0
568  0
569  0
570  0
571  0
572  0
573  0
574  0
575  0
576  1
577  0
578  0
579  0
580  0
581  1
582  0
583  0
584  2
585  0
586  0
587  0
588  0
589  0
590  0
591  0
592  0
593  1
594  0
595  0
596  0
597  0
598  0
599  1
600  0
601  0
602  0
603  0
604  0
605  0
606  0
607  0
608  0
609  1
610  0
611  0
612  0
613  2
614  0
615  0
616  0
617  0
618  0
619  0
620  0
621  0
622  0
623  0
624  0
625  0
626  0
627  0
628  0
629  0
630  0
631  1
632  0
633  0
634  0
635  0
636  0
637  1
638  0
639  0
640  0
641  0
642  1
643  0
644  0
645  0
646  1
647  0
648  0
649  0
650  0
651  0
652  2
653  0
654  1
655  0
656  0
657  0
658  0
659  0
660  0
661  1
662  0
663  0
664  0
665  0
666  0
667  0
668  0
669  0
670  0
671  1
672  0
673  1
674  0
675  2
676  1
677  2
678  0
679  1
680  0
681  0
682  1
683  0
684  0
685  0
686  0
687  0
688  0
689  1
690  0
691  1
692  0
693  0
694  0
695  0
696  0
697  0
698  0
699  0
700  0
701  0
702  0
703  0
704  0
705  0
706  0
707  1
708  1
709  0
710  0
711  0
712  0
713  2
714  0
715  1
716  0
717  1
718  0
719  0
720  0
721  0
722  0
723  0
724  0
725  0
726  1
727  0
728  0
729  0
730  1
731  0
732  0
733  0
734  0
735  0
736  0
737  0
738  0
739  0
740  1
741  1
742  0
743  0
744  1
745  0
746  0
747  0
748  0
749  0
750  1
751  0
752  0
753  0
754  0
755  0
756  0
757  0
758  0
759  0
760  0
761  0
762  0
763  0
764  0
765  0
766  0
767  0
768  0
769  0
770  1
771  0
772  1
773  0
774  0
775  0
776  0
777  0
778  0
779  0
780  1
781  0
782  0
783  0
784  0
785  0
786  0
787  0
788  0
789  1
790  0
791  1
792  0
793  0
794  0
795  0
796  0
797  0
798  0
799  0
800  0
801  0
802  0
803  0
804  0
805  0
806  0
807  0
808  0
809  0
810  0
811  1
812  0
813  0
814  0
815  0
816  0
817  0
818  0
819  0
820  0
821  0
822  2
823  0
824  0
825  0
826  0
827  0
828  0
829  0
830  1
831  0
832  0
833  1
834  0
835  2
836  0
837  1
838  3
839  1
840  2
841  1
842  0
843  0
844  0
845  0
846  0
847  0
848  0
849  0
850  0
851  0
852  0
853  0
854  0
855  0
856  0
857  0
858  0
859  0
860  0
861  0
862  0
863  0
864  0
865  0
866  0
867  0
868  0
869  0
870  0
871  0
872  0
873  0
874  0
875  0
876  0
877  0
878  0
879  0
880  0
881  0
882  0
883  0
884  0
885  0
886  0
887  0
888  0
889  0
890  0
891  0
892  0
893  0
894  0
895  0
896  0
897  0
898  0
899  0
900  0
901  0
902  0
903  0
904  0
905  0
906  0
907  0
908  0
909  0
910  0
911  0
912  0
913  0
914  0
915  0
916  0
917  0
918  0
919  0
920  0
921  0
922  0
923  0
924  0
925  0
926  0
927  0
928  0
929  0
930  0
931  0
932  0
933  0
934  0
935  0
936  0
937  0
938  0
939  0
940  0
941  0
942  0
943  0
944  0
945  0
946  0
947  0
948  0
949  0
950  0
951  0
952  0
953  0
954  0
955  0
956  0
957  0
958  0
959  0
960  0
961  0
962  0
963  0
964  0
965  0
966  0
967  0
968  0
969  0
970  0
971  0
972  0
973  0
974  0
975  0
976  0
977  0
978  0
979  0
980  0
981  0
982  0
983  0
984  0
985  0
986  0
987  0
988  0
989  0
990  0
991  0
992  0
993  0
994  0
995  0
996  0
997  0
998  0
999  0
1000  0
1001  0
1002  0
1003  0
1004  0
1005  0
1006  0
1007  0
1008  0
1009  0
1010  0
1011  0
1012  0
1013  0
1014  0
1015  0
1016  0
1017  0
1018  0
1019  0
1020  0
1021  0
1022  0
1023  0
