0  0
1  0
2  0
3  0
4  0
5  0
6  0
7  0
8  0
9  0
10  0
11  0
12  0
13  0
14  0
15  0
16  0
17  0
18  0
19  0
20  0
21  0
22  0
23  0
24  0
25  0
26  0
27  0
28  0
29  0
30  0
31  0
32  0
33  0
34  0
35  0
36  0
37  0
38  0
39  0
40  0
41  0
42  0
43  0
44  0
45  1
46  0
47  0
48  0
49  0
50  0
51  1
52  0
53  0
54  8
55  4
56  17
57  31
58  32
59  34
60  52
61  47
62  38
63  54
64  43
65  41
66  40
67  37
68  32
69  35
70  52
71  48
72  52
73  62
74  47
75  57
76  49
77  48
78  35
79  52
80  47
81  41
82  47
83  48
84  37
85  48
86  44
87  51
88  50
89  52
90  63
91  41
92  47
93  42
94  58
95  46
96  41
97  45
98  46
99  40
100  51
101  51
102  43
103  46
104  54
105  49
106  53
107  48
108  53
109  54
110  57
111  59
112  48
113  53
114  48
115  63
116  51
117  51
118  49
119  51
120  58
121  63
122  46
123  40
124  48
125  57
126  43
127  41
128  49
129  47
130  55
131  55
132  40
133  55
134  51
135  39
136  48
137  46
138  53
139  46
140  51
141  42
142  53
143  35
144  40
145  52
146  37
147  37
148  45
149  52
150  48
151  43
152  40
153  44
154  47
155  40
156  33
157  44
158  35
159  49
160  37
161  38
162  46
163  49
164  42
165  42
166  45
167  40
168  40
169  35
170  49
171  43
172  41
173  42
174  41
175  26
176  40
177  38
178  33
179  34
180  32
181  42
182  41
183  34
184  38
185  35
186  33
187  34
188  42
189  38
190  36
191  41
192  29
193  27
194  29
195  32
196  23
197  21
198  27
199  35
200  30
201  28
202  33
203  23
204  25
205  25
206  21
207  18
208  21
209  25
210  20
211  16
212  16
213  15
214  15
215  20
216  12
217  16
218  18
219  13
220  6
221  14
222  14
223  6
224  20
225  11
226  15
227  3
228  10
229  8
230  8
231  8
232  12
233  12
234  9
235  13
236  18
237  16
238  11
239  15
240  11
241  13
242  18
243  20
244  18
245  32
246  20
247  31
248  32
249  32
250  32
251  41
252  52
253  53
254  56
255  62
256  68
257  77
258  89
259  88
260  105
261  113
262  114
263  122
264  131
265  141
266  151
267  157
268  154
269  174
270  163
271  195
272  220
273  171
274  210
275  220
276  200
277  252
278  224
279  253
280  256
281  254
282  230
283  237
284  222
285  204
286  224
287  185
288  215
289  200
290  214
291  212
292  183
293  198
294  203
295  209
296  186
297  172
298  174
299  154
300  166
301  122
302  152
303  126
304  124
305  111
306  130
307  141
308  131
309  100
310  98
311  75
312  85
313  92
314  80
315  78
316  64
317  76
318  63
319  39
320  43
321  54
322  46
323  36
324  32
325  43
326  34
327  22
328  30
329  21
330  23
331  27
332  18
333  15
334  22
335  10
336  12
337  15
338  14
339  6
340  13
341  13
342  7
343  9
344  10
345  10
346  5
347  9
348  4
349  2
350  8
351  6
352  4
353  3
354  4
355  0
356  1
357  5
358  2
359  3
360  3
361  3
362  1
363  2
364  4
365  2
366  0
367  2
368  1
369  2
370  1
371  1
372  1
373  1
374  1
375  1
376  2
377  0
378  1
379  3
380  1
381  0
382  1
383  0
384  1
385  1
386  0
387  0
388  0
389  0
390  0
391  1
392  0
393  0
394  2
395  0
396  0
397  0
398  0
399  0
400  2
401  0
402  0
403  0
404  1
405  0
406  1
407  0
408  3
409  1
410  1
411  1
412  1
413  0
414  1
415  0
416  0
417  0
418  0
419  0
420  0
421  1
422  0
423  1
424  1
425  0
426  1
427  0
428  0
429  0
430  0
431  1
432  1
433  2
434  0
435  1
436  0
437  0
438  0
439  1
440  1
441  0
442  0
443  0
444  1
445  0
446  0
447  0
448  0
449  0
450  0
451  0
452  0
453  0
454  0
455  0
456  1
457  0
458  1
459  0
460  0
461  0
462  0
463  1
464  1
465  0
466  0
467  0
468  0
469  0
470  2
471  0
472  0
473  0
474  0
475  0
476  1
477  0
478  0
479  1
480  0
481  0
482  0
483  1
484  0
485  0
486  0
487  0
488  0
489  0
490  0
491  1
492  1
493  0
494  0
495  0
496  0
497  1
498  0
499  1
500  0
501  0
502  1
503  0
504  1
505  0
506  1
507  0
508  1
509  0
510  0
511  0
512  1
513  0
514  0
515  0
516  0
517  0
518  0
519  0
520  0
521  0
522  0
523  0
524  0
525  0
526  0
527  0
528  0
529  0
530  0
531  0
532  0
533  0
534  1
535  0
536  1
537  0
538  0
539  0
540  0
541  1
542  0
543  0
544  0
545  0
546  0
547  0
548  0
549  1
550  0
551  0
552  0
553  0
554  0
555  0
556  0
557  0
558  1
559  1
560  1
561  0
562  0
563  0
564  0
565  0
566  0
567  0
568  0
569  0
570  0
571  0
572  1
573  0
574  0
575  0
576  0
577  0
578  2
579  0
580  0
581  0
582  0
583  0
584  0
585  1
586  0
587  0
588  0
589  0
590  0
591  0
592  0
593  0
594  0
595  0
596  0
597  0
598  0
599  0
600  0
601  1
602  0
603  1
604  2
605  0
606  0
607  0
608  0
609  0
610  0
611  0
612  0
613  0
614  0
615  1
616  0
617  0
618  0
619  0
620  0
621  0
622  0
623  0
624  0
625  1
626  0
627  0
628  1
629  0
630  0
631  0
632  0
633  0
634  0
635  0
636  0
637  0
638  1
639  0
640  0
641  0
642  0
643  0
644  0
645  0
646  0
647  0
648  0
649  0
650  0
651  1
652  0
653  0
654  0
655  0
656  0
657  0
658  0
659  0
660  1
661  0
662  0
663  0
664  0
665  0
666  0
667  0
668  2
669  1
670  0
671  0
672  0
673  0
674  0
675  0
676  0
677  0
678  0
679  0
680  0
681  0
682  0
683  0
684  0
685  0
686  0
687  0
688  0
689  0
690  0
691  0
692  0
693  0
694  0
695  1
696  0
697  0
698  0
699  0
700  0
701  0
702  0
703  0
704  0
705  0
706  0
707  0
708  0
709  0
710  1
711  1
712  0
713  0
714  0
715  0
716  0
717  1
718  0
719  0
720  0
721  0
722  0
723  0
724  0
725  1
726  0
727  0
728  0
729  1
730  2
731  1
732  0
733  0
734  0
735  0
736  1
737  0
738  0
739  0
740  0
741  0
742  0
743  0
744  1
745  0
746  0
747  0
748  0
749  0
750  0
751  0
752  0
753  0
754  0
755  0
756  0
757  0
758  0
759  0
760  0
761  0
762  0
763  0
764  0
765  0
766  0
767  0
768  0
769  1
770  0
771  0
772  0
773  0
774  0
775  0
776  0
777  0
778  0
779  0
780  0
781  0
782  0
783  1
784  0
785  0
786  0
787  0
788  0
789  0
790  0
791  1
792  0
793  0
794  0
795  0
796  0
797  0
798  0
799  1
800  0
801  0
802  0
803  0
804  0
805  0
806  0
807  0
808  0
809  2
810  0
811  0
812  0
813  0
814  0
815  0
816  0
817  0
818  0
819  0
820  0
821  0
822  0
823  0
824  0
825  0
826  0
827  0
828  0
829  0
830  0
831  1
832  0
833  0
834  1
835  0
836  0
837  2
838  4
839  2
840  3
841  1
842  0
843  0
844  0
845  0
846  0
847  0
848  0
849  0
850  0
851  0
852  0
853  0
854  0
855  0
856  0
857  0
858  0
859  0
860  0
861  0
862  0
863  0
864  0
865  0
866  0
867  0
868  0
869  0
870  0
871  0
872  0
873  0
874  0
875  0
876  0
877  0
878  0
879  0
880  0
881  0
882  0
883  0
884  0
885  0
886  0
887  0
888  0
889  0
890  0
891  0
892  0
893  0
894  0
895  0
896  0
897  0
898  0
899  0
900  0
901  0
902  0
903  0
904  0
905  0
906  0
907  0
908  0
909  0
910  0
911  0
912  0
913  0
914  0
915  0
916  0
917  0
918  0
919  0
920  0
921  0
922  0
923  0
924  0
925  0
926  0
927  0
928  0
929  0
930  0
931  0
932  0
933  0
934  0
935  0
936  0
937  0
938  0
939  0
940  0
941  0
942  0
943  0
944  0
945  0
946  0
947  0
948  0
949  0
950  0
951  0
952  0
953  0
954  0
955  0
956  0
957  0
958  0
959  0
960  0
961  0
962  0
963  0
964  0
965  0
966  0
967  0
968  0
969  0
970  0
971  0
972  0
973  0
974  0
975  0
976  0
977  0
978  0
979  0
980  0
981  0
982  0
983  0
984  0
985  0
986  0
987  0
988  0
989  0
990  0
991  0
992  0
993  0
994  0
995  0
996  0
997  0
998  0
999  0
1000  0
1001  0
1002  0
1003  0
1004  0
1005  0
1006  0
1007  0
1008  0
1009  0
1010  0
1011  0
1012  0
1013  0
1014  0
1015  0
1016  0
1017  0
1018  0
1019  0
1020  0
1021  0
1022  0
1023  0
