0  222099
1  7
2  2
3  0
4  3
5  2
6  1
7  0
8  1
9  0
10  1
11  1
12  0
13  0
14  0
15  2
16  1
17  1
18  1
19  0
20  1
21  2
22  0
23  1
24  2
25  1
26  0
27  3
28  2
29  1
30  2
31  2
32  2
33  3
34  1
35  4
36  2
37  0
38  1
39  1
40  2
41  0
42  2
43  0
44  0
45  1
46  0
47  1
48  0
49  1
50  0
51  4
52  1
53  1
54  3
55  0
56  1
57  3
58  1
59  1
60  3
61  0
62  2
63  0
64  1
65  1
66  0
67  0
68  1
69  1
70  0
71  3
72  1
73  1
74  0
75  5
76  2
77  2
78  4
79  2
80  0
81  1
82  2
83  3
84  1
85  2
86  1
87  1
88  1
89  0
90  0
91  1
92  1
93  0
94  1
95  2
96  1
97  2
98  1
99  4
100  1
101  2
102  2
103  2
104  2
105  1
106  2
107  2
108  1
109  1
110  2
111  2
112  0
113  2
114  2
115  3
116  0
117  0
118  2
119  3
120  0
121  3
122  4
123  2
124  0
125  1
126  2
127  1
128  1
129  1
130  0
131  0
132  0
133  4
134  0
135  0
136  1
137  3
138  2
139  0
140  2
141  1
142  0
143  0
144  3
145  0
146  0
147  0
148  1
149  1
150  0
151  2
152  2
153  1
154  0
155  2
156  0
157  1
158  1
159  1
160  1
161  0
162  1
163  2
164  4
165  1
166  0
167  2
168  1
169  0
170  1
171  1
172  1
173  3
174  0
175  4
176  3
177  2
178  0
179  0
180  2
181  2
182  6
183  2
184  3
185  1
186  8
187  2
188  3
189  8
190  9
191  4
192  6
193  14
194  19
195  19
196  24
197  21
198  38
199  36
200  31
201  50
202  66
203  86
204  93
205  125
206  149
207  224
208  260
209  329
210  354
211  488
212  573
213  682
214  808
215  924
216  1175
217  1229
218  1349
219  1462
220  1525
221  1548
222  1476
223  1440
224  1320
225  1099
226  1051
227  862
228  727
229  575
230  479
231  388
232  308
233  258
234  193
235  142
236  129
237  105
238  90
239  65
240  59
241  42
242  31
243  29
244  21
245  15
246  18
247  13
248  13
249  13
250  8
251  13
252  6
253  5
254  3
255  2
256  5
257  1
258  4
259  4
260  3
261  5
262  5
263  1
264  2
265  0
266  1
267  3
268  2
269  1
270  1
271  0
272  1
273  2
274  0
275  0
276  2
277  6
278  5
279  1
280  1
281  1
282  1
283  6
284  0
285  2
286  3
287  3
288  1
289  2
290  1
291  0
292  2
293  2
294  1
295  3
296  1
297  0
298  1
299  2
300  2
301  4
302  1
303  0
304  1
305  2
306  1
307  1
308  2
309  0
310  1
311  2
312  0
313  0
314  0
315  0
316  2
317  4
318  2
319  3
320  2
321  7
322  0
323  2
324  2
325  0
326  2
327  2
328  2
329  1
330  4
331  2
332  2
333  1
334  1
335  5
336  1
337  10
338  4
339  0
340  0
341  0
342  1
343  0
344  0
345  0
346  0
347  0
348  0
349  0
350  0
351  0
352  0
353  0
354  0
355  0
356  0
357  0
358  0
359  0
360  0
361  0
362  0
363  0
364  0
365  0
366  0
367  0
368  1
369  1
370  0
371  0
372  0
373  0
374  0
375  0
376  0
377  0
378  0
379  0
380  0
381  0
382  0
383  0
384  0
385  0
386  0
387  0
388  0
389  0
390  0
391  0
392  0
393  0
394  0
395  0
396  0
397  0
398  0
399  0
400  0
401  0
402  0
403  0
404  1
405  0
406  0
407  0
408  0
409  0
410  0
411  1
412  0
413  0
414  0
415  0
416  0
417  0
418  0
419  0
420  0
421  0
422  0
423  0
424  0
425  0
426  1
427  0
428  0
429  0
430  0
431  0
432  0
433  0
434  0
435  0
436  0
437  0
438  0
439  0
440  0
441  0
442  0
443  0
444  0
445  0
446  0
447  1
448  0
449  0
450  0
451  0
452  0
453  0
454  0
455  0
456  0
457  0
458  0
459  0
460  0
461  0
462  0
463  0
464  0
465  0
466  0
467  0
468  0
469  0
470  0
471  0
472  0
473  0
474  0
475  0
476  0
477  0
478  0
479  0
480  0
481  0
482  0
483  0
484  0
485  0
486  0
487  0
488  0
489  0
490  0
491  0
492  0
493  0
494  0
495  0
496  0
497  1
498  0
499  0
500  0
501  0
502  0
503  1
504  0
505  0
506  0
507  0
508  1
509  1
510  0
511  0
512  0
513  0
514  0
515  0
516  0
517  0
518  0
519  0
520  0
521  1
522  0
523  0
524  0
525  0
526  0
527  0
528  0
529  0
530  0
531  0
532  1
533  0
534  0
535  0
536  0
537  0
538  0
539  0
540  0
541  0
542  0
543  0
544  0
545  0
546  0
547  0
548  0
549  0
550  1
551  0
552  0
553  0
554  0
555  0
556  0
557  0
558  0
559  0
560  0
561  0
562  0
563  0
564  0
565  0
566  0
567  0
568  0
569  0
570  0
571  0
572  0
573  0
574  0
575  0
576  0
577  0
578  0
579  0
580  0
581  0
582  0
583  0
584  0
585  0
586  0
587  0
588  0
589  1
590  0
591  0
592  0
593  0
594  0
595  0
596  0
597  0
598  0
599  1
600  0
601  0
602  0
603  0
604  0
605  0
606  0
607  0
608  0
609  2
610  0
611  1
612  0
613  0
614  0
615  0
616  1
617  0
618  0
619  0
620  1
621  0
622  0
623  0
624  0
625  0
626  0
627  0
628  0
629  0
630  0
631  0
632  0
633  0
634  0
635  0
636  1
637  0
638  0
639  0
640  0
641  1
642  1
643  0
644  0
645  0
646  1
647  0
648  0
649  0
650  0
651  0
652  0
653  0
654  0
655  0
656  0
657  0
658  0
659  0
660  1
661  0
662  0
663  0
664  0
665  0
666  1
667  0
668  0
669  0
670  0
671  0
672  0
673  0
674  0
675  1
676  0
677  0
678  0
679  0
680  0
681  0
682  0
683  0
684  0
685  0
686  0
687  0
688  0
689  0
690  0
691  0
692  0
693  0
694  0
695  0
696  0
697  0
698  0
699  0
700  0
701  0
702  0
703  0
704  1
705  0
706  0
707  0
708  0
709  0
710  0
711  0
712  0
713  0
714  0
715  0
716  0
717  0
718  0
719  0
720  1
721  0
722  0
723  0
724  0
725  0
726  0
727  0
728  0
729  0
730  0
731  0
732  0
733  0
734  0
735  0
736  0
737  0
738  0
739  0
740  0
741  0
742  0
743  0
744  0
745  0
746  0
747  0
748  0
749  0
750  0
751  0
752  0
753  0
754  0
755  0
756  0
757  1
758  0
759  0
760  0
761  0
762  0
763  0
764  0
765  0
766  0
767  0
768  0
769  0
770  0
771  0
772  0
773  0
774  0
775  0
776  0
777  0
778  0
779  0
780  0
781  0
782  0
783  0
784  0
785  0
786  0
787  0
788  0
789  0
790  0
791  0
792  0
793  0
794  0
795  0
796  0
797  0
798  0
799  0
800  0
801  0
802  0
803  0
804  0
805  0
806  0
807  0
808  1
809  0
810  0
811  0
812  0
813  0
814  0
815  1
816  0
817  0
818  0
819  0
820  0
821  0
822  0
823  0
824  0
825  0
826  0
827  0
828  0
829  0
830  0
831  0
832  0
833  0
834  0
835  0
836  0
837  0
838  0
839  0
840  0
841  0
842  0
843  0
844  0
845  0
846  0
847  0
848  0
849  0
850  0
851  0
852  0
853  0
854  0
855  0
856  0
857  0
858  0
859  0
860  0
861  0
862  0
863  0
864  0
865  0
866  0
867  0
868  0
869  0
870  0
871  0
872  0
873  0
874  0
875  0
876  0
877  0
878  0
879  0
880  0
881  0
882  0
883  0
884  0
885  0
886  0
887  0
888  0
889  0
890  0
891  0
892  0
893  0
894  0
895  0
896  0
897  0
898  0
899  0
900  0
901  0
902  0
903  0
904  0
905  0
906  0
907  0
908  0
909  0
910  0
911  0
912  0
913  0
914  0
915  0
916  0
917  0
918  0
919  0
920  0
921  0
922  0
923  0
924  0
925  0
926  0
927  0
928  0
929  0
930  0
931  0
932  0
933  0
934  0
935  0
936  0
937  0
938  0
939  0
940  0
941  0
942  0
943  0
944  0
945  0
946  0
947  0
948  0
949  0
950  0
951  0
952  0
953  0
954  0
955  0
956  0
957  0
958  0
959  0
960  0
961  0
962  0
963  0
964  0
965  0
966  0
967  0
968  0
969  0
970  0
971  0
972  0
973  0
974  0
975  0
976  0
977  0
978  0
979  0
980  1
981  0
982  0
983  0
984  0
985  0
986  0
987  0
988  0
989  0
990  0
991  0
992  0
993  0
994  0
995  0
996  0
997  0
998  0
999  0
1000  0
1001  0
1002  0
1003  0
1004  0
1005  0
1006  0
1007  0
1008  0
1009  0
1010  0
1011  0
1012  0
1013  0
1014  0
1015  0
1016  0
1017  0
1018  0
1019  0
1020  0
1021  0
1022  0
1023  103019
