0  510
1  14
2  11
3  6302
4  16549
5  17501
6  18077
7  17425
8  14079
9  10919
10  8932
11  7191
12  5610
13  4152
14  3452
15  4173
16  7871
17  11213
18  9292
19  5321
20  2873
21  1763
22  1432
23  1294
24  1354
25  1262
26  1248
27  1261
28  1278
29  1373
30  1308
31  1343
32  1306
33  1148
34  1000
35  919
36  799
37  820
38  962
39  1420
40  1930
41  2153
42  1806
43  1432
44  963
45  643
46  417
47  246
48  178
49  130
50  85
51  89
52  932
53  0
54  0
55  0
56  0
57  0
58  0
59  0
60  0
61  1
62  0
63  28
64  4
65  0
66  1
67  75
68  217
69  225
70  199
71  202
72  210
73  160
74  130
75  125
76  95
77  72
78  41
79  74
80  291
81  418
82  392
83  193
84  77
85  16
86  8
87  9
88  9
89  4
90  9
91  9
92  15
93  9
94  13
95  8
96  5
97  9
98  8
99  9
100  6
101  7
102  9
103  9
104  6
105  18
106  13
107  13
108  7
109  6
110  1
111  2
112  2
113  0
114  2
115  1
116  7
117  0
118  0
119  0
120  0
121  0
122  0
123  0
124  0
125  0
126  0
127  0
128  16
129  0
130  0
131  40
132  92
133  106
134  110
135  122
136  87
137  94
138  66
139  71
140  53
141  37
142  24
143  67
144  246
145  389
146  319
147  169
148  53
149  19
150  9
151  3
152  2
153  1
154  0
155  2
156  3
157  2
158  3
159  0
160  1
161  1
162  1
163  0
164  0
165  0
166  0
167  4
168  3
169  3
170  3
171  1
172  3
173  0
174  1
175  0
176  1
177  0
178  1
179  0
180  2
181  0
182  0
183  0
184  0
185  0
186  0
187  0
188  0
189  0
190  0
191  0
192  27
193  2
194  0
195  29
196  83
197  99
198  106
199  107
200  87
201  92
202  73
203  73
204  34
205  36
206  27
207  64
208  241
209  376
210  266
211  121
212  58
213  21
214  4
215  6
216  1
217  2
218  2
219  0
220  1
221  0
222  1
223  2
224  2
225  1
226  1
227  1
228  1
229  0
230  2
231  3
232  1
233  1
234  1
235  1
236  0
237  0
238  0
239  0
240  1
241  0
242  0
243  0
244  2
245  0
246  0
247  0
248  0
249  0
250  0
251  0
252  0
253  0
254  0
255  0
256  6419
257  66
258  55
259  53
260  111
261  104
262  84
263  98
264  91
265  77
266  68
267  72
268  55
269  39
270  29
271  89
272  244
273  390
274  343
275  159
276  52
277  22
278  3
279  4
280  0
281  1
282  1
283  0
284  1
285  1
286  3
287  2
288  0
289  0
290  0
291  1
292  0
293  1
294  0
295  1
296  0
297  4
298  3
299  0
300  1
301  0
302  0
303  0
304  0
305  0
306  0
307  0
308  1
309  0
310  0
311  0
312  0
313  0
314  0
315  0
316  0
317  1
318  0
319  0
320  11821
321  113
322  106
323  71
324  119
325  96
326  118
327  120
328  105
329  92
330  88
331  78
332  76
333  32
334  39
335  80
336  242
337  430
338  339
339  169
340  39
341  13
342  5
343  4
344  7
345  0
346  2
347  1
348  2
349  2
350  1
351  1
352  1
353  0
354  1
355  1
356  1
357  1
358  2
359  1
360  3
361  3
362  0
363  0
364  1
365  3
366  0
367  0
368  0
369  1
370  0
371  0
372  1
373  0
374  0
375  0
376  0
377  0
378  0
379  0
380  1
381  0
382  0
383  0
384  11922
385  135
386  125
387  50
388  104
389  109
390  131
391  117
392  108
393  72
394  87
395  90
396  46
397  31
398  42
399  68
400  230
401  408
402  376
403  164
404  67
405  15
406  5
407  4
408  1
409  0
410  2
411  2
412  0
413  2
414  1
415  3
416  2
417  1
418  1
419  4
420  1
421  1
422  2
423  2
424  3
425  2
426  0
427  2
428  4
429  0
430  0
431  0
432  0
433  0
434  0
435  0
436  2
437  0
438  0
439  0
440  0
441  0
442  0
443  0
444  2
445  0
446  0
447  0
448  8903
449  110
450  81
451  49
452  89
453  94
454  90
455  86
456  74
457  78
458  76
459  65
460  40
461  29
462  24
463  65
464  205
465  356
466  284
467  131
468  57
469  10
470  3
471  3
472  1
473  1
474  2
475  0
476  1
477  2
478  0
479  3
480  2
481  2
482  2
483  5
484  1
485  4
486  1
487  2
488  1
489  2
490  1
491  0
492  1
493  1
494  0
495  0
496  0
497  0
498  0
499  0
500  3
501  0
502  0
503  0
504  0
505  0
506  0
507  0
508  0
509  2
510  1
511  0
512  6197
513  95
514  65
515  47
516  62
517  76
518  86
519  78
520  80
521  64
522  63
523  59
524  42
525  30
526  16
527  60
528  230
529  327
530  255
531  137
532  41
533  13
534  6
535  2
536  2
537  1
538  1
539  0
540  0
541  3
542  1
543  1
544  3
545  1
546  1
547  1
548  0
549  3
550  1
551  2
552  2
553  1
554  1
555  1
556  1
557  0
558  0
559  0
560  0
561  0
562  0
563  0
564  1
565  0
566  0
567  0
568  0
569  0
570  0
571  0
572  1
573  0
574  0
575  0
576  4649
577  88
578  89
579  57
580  64
581  86
582  92
583  90
584  75
585  61
586  74
587  66
588  45
589  23
590  18
591  60
592  186
593  344
594  289
595  128
596  45
597  10
598  4
599  3
600  1
601  1
602  2
603  2
604  1
605  2
606  1
607  0
608  0
609  2
610  1
611  1
612  0
613  2
614  0
615  0
616  0
617  1
618  0
619  3
620  0
621  0
622  1
623  0
624  1
625  0
626  0
627  0
628  3
629  0
630  0
631  0
632  0
633  0
634  0
635  0
636  0
637  0
638  0
639  0
640  3696
641  80
642  64
643  55
644  86
645  68
646  85
647  88
648  58
649  68
650  58
651  60
652  41
653  23
654  13
655  59
656  217
657  319
658  246
659  133
660  45
661  13
662  4
663  3
664  4
665  1
666  2
667  1
668  0
669  0
670  1
671  0
672  0
673  0
674  1
675  2
676  1
677  0
678  0
679  1
680  0
681  2
682  2
683  0
684  0
685  0
686  0
687  0
688  0
689  0
690  1
691  0
692  1
693  0
694  0
695  0
696  0
697  0
698  0
699  0
700  0
701  0
702  0
703  0
704  2516
705  50
706  37
707  31
708  31
709  39
710  49
711  46
712  48
713  34
714  36
715  28
716  17
717  11
718  16
719  33
720  111
721  173
722  144
723  78
724  30
725  5
726  1
727  1
728  0
729  3
730  2
731  1
732  0
733  0
734  0
735  0
736  0
737  0
738  0
739  0
740  0
741  0
742  1
743  0
744  0
745  1
746  1
747  0
748  0
749  0
750  1
751  0
752  0
753  0
754  1
755  0
756  1
757  0
758  0
759  0
760  0
761  0
762  0
763  0
764  0
765  0
766  0
767  0
768  1745
769  23
770  24
771  15
772  25
773  20
774  21
775  22
776  22
777  17
778  16
779  15
780  12
781  6
782  5
783  16
784  48
785  80
786  53
787  34
788  10
789  2
790  0
791  1
792  0
793  3
794  1
795  0
796  0
797  0
798  0
799  1
800  1
801  1
802  0
803  1
804  0
805  0
806  0
807  0
808  1
809  0
810  0
811  0
812  1
813  0
814  0
815  0
816  0
817  0
818  0
819  0
820  3
821  0
822  0
823  0
824  0
825  0
826  0
827  0
828  0
829  0
830  0
831  0
832  1687
833  27
834  34
835  17
836  28
837  15
838  24
839  24
840  19
841  27
842  13
843  10
844  11
845  8
846  9
847  19
848  62
849  71
850  80
851  33
852  15
853  9
854  1
855  0
856  0
857  0
858  0
859  1
860  0
861  0
862  1
863  0
864  0
865  0
866  0
867  1
868  0
869  0
870  0
871  0
872  0
873  0
874  0
875  0
876  0
877  0
878  0
879  0
880  0
881  0
882  0
883  0
884  1
885  0
886  0
887  0
888  0
889  0
890  0
891  0
892  0
893  0
894  0
895  0
896  2039
897  83
898  78
899  35
900  48
901  50
902  63
903  69
904  57
905  48
906  51
907  55
908  28
909  20
910  10
911  41
912  156
913  229
914  181
915  100
916  36
917  13
918  2
919  0
920  2
921  1
922  1
923  0
924  0
925  0
926  0
927  2
928  0
929  2
930  0
931  0
932  0
933  0
934  0
935  0
936  1
937  1
938  0
939  0
940  1
941  1
942  0
943  0
944  0
945  0
946  0
947  1
948  0
949  0
950  0
951  0
952  0
953  0
954  0
955  0
956  0
957  0
958  0
959  0
960  3842
961  247
962  273
963  146
964  206
965  195
966  196
967  188
968  187
969  163
970  153
971  143
972  81
973  59
974  50
975  128
976  469
977  814
978  650
979  336
980  120
981  46
982  13
983  6
984  3
985  3
986  1
987  3
988  1
989  1
990  2
991  0
992  0
993  1
994  1
995  0
996  1
997  1
998  0
999  2
1000  0
1001  1
1002  0
1003  0
1004  2
1005  4
1006  1
1007  0
1008  0
1009  0
1010  0
1011  0
1012  5
1013  0
1014  0
1015  0
1016  0
1017  0
1018  0
1019  0
1020  1
1021  0
1022  0
1023  0
1024  4480
1025  313
1026  314
1027  193
1028  294
1029  336
1030  315
1031  355
1032  329
1033  296
1034  285
1035  253
1036  196
1037  105
1038  80
1039  206
1040  867
1041  1629
1042  1268
1043  664
1044  205
1045  55
1046  16
1047  10
1048  4
1049  7
1050  1
1051  3
1052  2
1053  3
1054  1
1055  2
1056  0
1057  0
1058  2
1059  1
1060  0
1061  1
1062  1
1063  0
1064  0
1065  2
1066  0
1067  1
1068  0
1069  1
1070  1
1071  0
1072  2
1073  2
1074  2
1075  0
1076  6
1077  0
1078  0
1079  0
1080  0
1081  0
1082  0
1083  0
1084  0
1085  1
1086  0
1087  1
1088  1801
1089  97
1090  79
1091  76
1092  119
1093  135
1094  157
1095  136
1096  141
1097  127
1098  130
1099  106
1100  88
1101  43
1102  34
1103  111
1104  402
1105  678
1106  575
1107  296
1108  82
1109  28
1110  9
1111  1
1112  1
1113  1
1114  2
1115  3
1116  1
1117  1
1118  0
1119  1
1120  0
1121  2
1122  0
1123  1
1124  2
1125  2
1126  0
1127  1
1128  0
1129  1
1130  0
1131  0
1132  0
1133  0
1134  0
1135  0
1136  0
1137  0
1138  0
1139  1
1140  3
1141  0
1142  0
1143  0
1144  0
1145  0
1146  0
1147  0
1148  0
1149  0
1150  0
1151  0
1152  810
1153  7
1154  8
1155  7
1156  10
1157  15
1158  17
1159  12
1160  11
1161  10
1162  11
1163  9
1164  14
1165  3
1166  2
1167  4
1168  35
1169  48
1170  64
1171  26
1172  8
1173  1
1174  1
1175  0
1176  0
1177  0
1178  0
1179  0
1180  1
1181  1
1182  0
1183  0
1184  0
1185  0
1186  0
1187  0
1188  0
1189  0
1190  0
1191  0
1192  0
1193  0
1194  0
1195  0
1196  0
1197  0
1198  0
1199  0
1200  0
1201  0
1202  0
1203  0
1204  0
1205  0
1206  0
1207  0
1208  0
1209  0
1210  0
1211  0
1212  0
1213  0
1214  0
1215  0
1216  748
1217  2
1218  0
1219  2
1220  1
1221  2
1222  2
1223  1
1224  3
1225  2
1226  0
1227  1
1228  0
1229  2
1230  0
1231  0
1232  4
1233  7
1234  1
1235  2
1236  1
1237  0
1238  0
1239  0
1240  0
1241  0
1242  1
1243  0
1244  0
1245  0
1246  0
1247  0
1248  0
1249  0
1250  0
1251  0
1252  0
1253  0
1254  0
1255  0
1256  0
1257  0
1258  0
1259  0
1260  0
1261  0
1262  0
1263  0
1264  0
1265  0
1266  0
1267  0
1268  0
1269  0
1270  0
1271  0
1272  0
1273  0
1274  0
1275  0
1276  0
1277  0
1278  0
1279  0
1280  750
1281  1
1282  0
1283  2
1284  1
1285  0
1286  3
1287  1
1288  1
1289  0
1290  0
1291  0
1292  0
1293  1
1294  0
1295  1
1296  4
1297  1
1298  2
1299  1
1300  0
1301  0
1302  0
1303  0
1304  0
1305  0
1306  0
1307  0
1308  0
1309  0
1310  0
1311  0
1312  0
1313  0
1314  0
1315  0
1316  0
1317  0
1318  0
1319  0
1320  0
1321  0
1322  0
1323  0
1324  0
1325  0
1326  0
1327  0
1328  0
1329  0
1330  0
1331  0
1332  0
1333  0
1334  0
1335  0
1336  0
1337  0
1338  0
1339  0
1340  0
1341  0
1342  0
1343  0
1344  705
1345  2
1346  1
1347  1
1348  3
1349  2
1350  1
1351  2
1352  0
1353  0
1354  0
1355  0
1356  0
1357  0
1358  1
1359  1
1360  2
1361  2
1362  2
1363  0
1364  1
1365  0
1366  0
1367  0
1368  0
1369  0
1370  0
1371  0
1372  0
1373  0
1374  0
1375  0
1376  0
1377  0
1378  0
1379  1
1380  0
1381  0
1382  0
1383  0
1384  0
1385  0
1386  0
1387  0
1388  0
1389  0
1390  0
1391  0
1392  0
1393  0
1394  0
1395  0
1396  0
1397  0
1398  0
1399  0
1400  0
1401  0
1402  0
1403  0
1404  0
1405  0
1406  0
1407  0
1408  710
1409  4
1410  0
1411  0
1412  0
1413  1
1414  0
1415  1
1416  2
1417  0
1418  0
1419  0
1420  1
1421  0
1422  0
1423  1
1424  1
1425  0
1426  4
1427  1
1428  2
1429  1
1430  0
1431  0
1432  1
1433  0
1434  0
1435  0
1436  0
1437  1
1438  0
1439  0
1440  1
1441  0
1442  0
1443  0
1444  0
1445  0
1446  0
1447  0
1448  0
1449  0
1450  0
1451  0
1452  0
1453  0
1454  0
1455  0
1456  0
1457  0
1458  0
1459  0
1460  0
1461  0
1462  0
1463  0
1464  0
1465  0
1466  0
1467  0
1468  0
1469  0
1470  0
1471  0
1472  729
1473  3
1474  1
1475  0
1476  1
1477  1
1478  2
1479  0
1480  1
1481  0
1482  0
1483  3
1484  2
1485  0
1486  0
1487  0
1488  1
1489  3
1490  3
1491  5
1492  0
1493  0
1494  0
1495  0
1496  0
1497  0
1498  0
1499  0
1500  0
1501  0
1502  0
1503  0
1504  1
1505  0
1506  0
1507  0
1508  0
1509  0
1510  0
1511  0
1512  0
1513  0
1514  0
1515  0
1516  0
1517  0
1518  0
1519  0
1520  0
1521  0
1522  0
1523  0
1524  0
1525  0
1526  0
1527  0
1528  0
1529  0
1530  0
1531  0
1532  0
1533  0
1534  0
1535  0
1536  728
1537  3
1538  1
1539  1
1540  0
1541  1
1542  2
1543  1
1544  0
1545  1
1546  0
1547  0
1548  1
1549  0
1550  0
1551  0
1552  1
1553  2
1554  1
1555  0
1556  0
1557  0
1558  1
1559  0
1560  0
1561  0
1562  0
1563  0
1564  0
1565  0
1566  0
1567  0
1568  0
1569  0
1570  0
1571  0
1572  0
1573  0
1574  0
1575  0
1576  0
1577  0
1578  0
1579  0
1580  0
1581  0
1582  0
1583  0
1584  0
1585  0
1586  0
1587  0
1588  0
1589  0
1590  0
1591  0
1592  0
1593  0
1594  0
1595  0
1596  0
1597  0
1598  1
1599  0
1600  699
1601  3
1602  0
1603  1
1604  0
1605  4
1606  0
1607  2
1608  0
1609  1
1610  0
1611  0
1612  1
1613  0
1614  2
1615  0
1616  1
1617  1
1618  1
1619  2
1620  0
1621  0
1622  0
1623  0
1624  1
1625  0
1626  0
1627  1
1628  0
1629  0
1630  0
1631  0
1632  0
1633  0
1634  0
1635  0
1636  1
1637  0
1638  0
1639  0
1640  0
1641  0
1642  0
1643  0
1644  0
1645  0
1646  0
1647  0
1648  0
1649  0
1650  0
1651  0
1652  0
1653  0
1654  0
1655  0
1656  0
1657  0
1658  0
1659  0
1660  0
1661  0
1662  0
1663  1
1664  787
1665  1
1666  1
1667  1
1668  1
1669  2
1670  3
1671  0
1672  0
1673  2
1674  0
1675  0
1676  0
1677  0
1678  0
1679  0
1680  0
1681  2
1682  1
1683  0
1684  1
1685  0
1686  0
1687  0
1688  0
1689  0
1690  0
1691  0
1692  0
1693  0
1694  0
1695  0
1696  0
1697  0
1698  0
1699  0
1700  0
1701  0
1702  0
1703  0
1704  0
1705  0
1706  0
1707  0
1708  0
1709  0
1710  0
1711  0
1712  0
1713  0
1714  0
1715  0
1716  0
1717  0
1718  0
1719  0
1720  0
1721  0
1722  0
1723  0
1724  0
1725  0
1726  0
1727  0
1728  665
1729  2
1730  1
1731  0
1732  2
1733  0
1734  1
1735  2
1736  1
1737  1
1738  0
1739  0
1740  0
1741  0
1742  0
1743  1
1744  0
1745  4
1746  2
1747  1
1748  0
1749  0
1750  0
1751  0
1752  0
1753  0
1754  0
1755  0
1756  0
1757  0
1758  0
1759  0
1760  0
1761  0
1762  0
1763  0
1764  0
1765  0
1766  0
1767  0
1768  0
1769  0
1770  0
1771  0
1772  0
1773  0
1774  0
1775  0
1776  0
1777  0
1778  0
1779  0
1780  0
1781  0
1782  0
1783  0
1784  0
1785  0
1786  0
1787  0
1788  0
1789  1
1790  0
1791  0
1792  741
1793  1
1794  0
1795  1
1796  2
1797  0
1798  3
1799  2
1800  1
1801  3
1802  0
1803  1
1804  0
1805  0
1806  0
1807  0
1808  0
1809  1
1810  0
1811  2
1812  0
1813  0
1814  0
1815  0
1816  0
1817  0
1818  0
1819  1
1820  0
1821  0
1822  0
1823  0
1824  0
1825  0
1826  0
1827  0
1828  0
1829  0
1830  0
1831  0
1832  0
1833  0
1834  0
1835  0
1836  0
1837  0
1838  0
1839  0
1840  0
1841  0
1842  0
1843  0
1844  0
1845  0
1846  0
1847  0
1848  0
1849  0
1850  0
1851  0
1852  1
1853  0
1854  0
1855  0
1856  807
1857  0
1858  1
1859  0
1860  2
1861  0
1862  1
1863  1
1864  3
1865  0
1866  0
1867  1
1868  0
1869  0
1870  0
1871  0
1872  0
1873  2
1874  1
1875  0
1876  1
1877  0
1878  0
1879  0
1880  0
1881  0
1882  0
1883  0
1884  0
1885  1
1886  0
1887  0
1888  0
1889  0
1890  0
1891  0
1892  0
1893  0
1894  0
1895  0
1896  0
1897  0
1898  0
1899  0
1900  0
1901  0
1902  0
1903  0
1904  0
1905  0
1906  0
1907  0
1908  0
1909  0
1910  0
1911  0
1912  0
1913  0
1914  0
1915  0
1916  0
1917  0
1918  0
1919  0
1920  772
1921  0
1922  0
1923  0
1924  0
1925  0
1926  0
1927  2
1928  0
1929  2
1930  0
1931  1
1932  0
1933  0
1934  0
1935  0
1936  0
1937  3
1938  2
1939  0
1940  0
1941  0
1942  0
1943  0
1944  0
1945  0
1946  0
1947  0
1948  0
1949  0
1950  0
1951  0
1952  0
1953  0
1954  0
1955  1
1956  0
1957  0
1958  0
1959  0
1960  0
1961  0
1962  0
1963  0
1964  0
1965  0
1966  0
1967  0
1968  0
1969  0
1970  0
1971  0
1972  0
1973  0
1974  0
1975  0
1976  0
1977  0
1978  0
1979  0
1980  0
1981  0
1982  0
1983  0
1984  706
1985  0
1986  0
1987  0
1988  1
1989  1
1990  2
1991  1
1992  0
1993  1
1994  2
1995  2
1996  0
1997  0
1998  0
1999  0
2000  1
2001  1
2002  1
2003  0
2004  0
2005  0
2006  0
2007  0
2008  0
2009  0
2010  0
2011  0
2012  0
2013  0
2014  0
2015  1
2016  0
2017  0
2018  0
2019  0
2020  0
2021  0
2022  0
2023  0
2024  0
2025  0
2026  0
2027  0
2028  0
2029  0
2030  0
2031  0
2032  0
2033  0
2034  0
2035  0
2036  0
2037  0
2038  0
2039  0
2040  0
2041  0
2042  0
2043  0
2044  0
2045  0
2046  0
2047  0
2048  546
2049  1
2050  0
2051  2
2052  0
2053  1
2054  1
2055  3
2056  3
2057  0
2058  0
2059  1
2060  1
2061  0
2062  0
2063  0
2064  0
2065  0
2066  0
2067  0
2068  0
2069  0
2070  0
2071  0
2072  0
2073  0
2074  0
2075  0
2076  0
2077  0
2078  0
2079  0
2080  0
2081  0
2082  0
2083  0
2084  0
2085  0
2086  0
2087  0
2088  0
2089  0
2090  0
2091  0
2092  0
2093  0
2094  0
2095  0
2096  0
2097  0
2098  0
2099  0
2100  0
2101  0
2102  0
2103  0
2104  0
2105  0
2106  0
2107  0
2108  0
2109  0
2110  0
2111  0
2112  354
2113  1
2114  0
2115  1
2116  1
2117  0
2118  0
2119  2
2120  1
2121  1
2122  0
2123  1
2124  0
2125  0
2126  0
2127  0
2128  0
2129  1
2130  0
2131  0
2132  0
2133  0
2134  0
2135  0
2136  0
2137  0
2138  0
2139  0
2140  0
2141  0
2142  0
2143  0
2144  0
2145  0
2146  0
2147  0
2148  0
2149  0
2150  0
2151  0
2152  0
2153  0
2154  0
2155  0
2156  0
2157  0
2158  0
2159  0
2160  0
2161  0
2162  0
2163  0
2164  0
2165  0
2166  0
2167  0
2168  0
2169  0
2170  0
2171  0
2172  0
2173  0
2174  0
2175  0
2176  290
2177  0
2178  0
2179  0
2180  1
2181  0
2182  0
2183  1
2184  0
2185  0
2186  1
2187  0
2188  0
2189  1
2190  0
2191  0
2192  0
2193  1
2194  1
2195  0
2196  0
2197  0
2198  0
2199  0
2200  0
2201  0
2202  0
2203  0
2204  0
2205  0
2206  0
2207  0
2208  0
2209  0
2210  0
2211  0
2212  0
2213  0
2214  0
2215  0
2216  0
2217  0
2218  0
2219  0
2220  0
2221  0
2222  0
2223  0
2224  0
2225  0
2226  0
2227  0
2228  0
2229  0
2230  0
2231  0
2232  0
2233  0
2234  0
2235  0
2236  0
2237  0
2238  0
2239  0
2240  361
2241  1
2242  1
2243  0
2244  2
2245  0
2246  1
2247  1
2248  1
2249  0
2250  1
2251  0
2252  0
2253  0
2254  0
2255  0
2256  0
2257  1
2258  0
2259  0
2260  0
2261  0
2262  0
2263  1
2264  0
2265  0
2266  0
2267  0
2268  0
2269  0
2270  0
2271  0
2272  0
2273  0
2274  0
2275  0
2276  0
2277  0
2278  0
2279  0
2280  0
2281  0
2282  0
2283  0
2284  0
2285  0
2286  1
2287  0
2288  0
2289  0
2290  0
2291  0
2292  0
2293  0
2294  0
2295  0
2296  0
2297  0
2298  0
2299  0
2300  0
2301  0
2302  0
2303  0
2304  555
2305  3
2306  0
2307  0
2308  1
2309  2
2310  1
2311  1
2312  1
2313  0
2314  0
2315  1
2316  0
2317  0
2318  1
2319  0
2320  0
2321  0
2322  2
2323  0
2324  0
2325  0
2326  0
2327  0
2328  0
2329  0
2330  0
2331  0
2332  0
2333  0
2334  0
2335  0
2336  0
2337  0
2338  0
2339  0
2340  0
2341  0
2342  0
2343  0
2344  0
2345  0
2346  0
2347  0
2348  0
2349  0
2350  0
2351  0
2352  0
2353  0
2354  0
2355  0
2356  0
2357  0
2358  0
2359  0
2360  0
2361  0
2362  0
2363  0
2364  0
2365  0
2366  0
2367  0
2368  982
2369  2
2370  0
2371  0
2372  1
2373  0
2374  0
2375  1
2376  1
2377  0
2378  0
2379  1
2380  1
2381  0
2382  0
2383  1
2384  0
2385  1
2386  1
2387  0
2388  0
2389  0
2390  0
2391  0
2392  0
2393  0
2394  0
2395  0
2396  0
2397  0
2398  0
2399  0
2400  0
2401  0
2402  0
2403  0
2404  0
2405  0
2406  0
2407  0
2408  0
2409  0
2410  0
2411  0
2412  0
2413  0
2414  0
2415  0
2416  0
2417  0
2418  0
2419  0
2420  0
2421  0
2422  0
2423  0
2424  0
2425  0
2426  0
2427  0
2428  0
2429  0
2430  0
2431  0
2432  1210
2433  4
2434  1
2435  0
2436  2
2437  1
2438  3
2439  1
2440  1
2441  1
2442  1
2443  0
2444  0
2445  0
2446  0
2447  0
2448  2
2449  2
2450  1
2451  0
2452  0
2453  0
2454  0
2455  0
2456  0
2457  1
2458  0
2459  0
2460  0
2461  0
2462  0
2463  0
2464  0
2465  0
2466  0
2467  0
2468  0
2469  0
2470  0
2471  0
2472  0
2473  0
2474  0
2475  0
2476  0
2477  0
2478  0
2479  0
2480  0
2481  0
2482  0
2483  0
2484  0
2485  0
2486  0
2487  0
2488  0
2489  0
2490  0
2491  0
2492  0
2493  1
2494  0
2495  0
2496  921
2497  2
2498  0
2499  0
2500  1
2501  3
2502  0
2503  2
2504  1
2505  3
2506  0
2507  0
2508  0
2509  0
2510  0
2511  2
2512  1
2513  0
2514  1
2515  1
2516  1
2517  0
2518  0
2519  0
2520  0
2521  0
2522  0
2523  0
2524  0
2525  0
2526  0
2527  0
2528  0
2529  0
2530  0
2531  0
2532  0
2533  0
2534  0
2535  0
2536  0
2537  0
2538  0
2539  0
2540  0
2541  0
2542  0
2543  0
2544  0
2545  0
2546  0
2547  0
2548  0
2549  0
2550  0
2551  0
2552  0
2553  0
2554  0
2555  0
2556  0
2557  0
2558  1
2559  0
2560  401
2561  3
2562  0
2563  0
2564  0
2565  1
2566  1
2567  2
2568  1
2569  2
2570  1
2571  1
2572  1
2573  1
2574  0
2575  0
2576  1
2577  2
2578  2
2579  1
2580  0
2581  0
2582  0
2583  0
2584  0
2585  0
2586  0
2587  0
2588  0
2589  0
2590  0
2591  0
2592  0
2593  0
2594  0
2595  0
2596  0
2597  0
2598  0
2599  0
2600  0
2601  0
2602  0
2603  0
2604  0
2605  0
2606  0
2607  0
2608  0
2609  0
2610  0
2611  0
2612  0
2613  0
2614  0
2615  0
2616  0
2617  0
2618  0
2619  0
2620  0
2621  0
2622  0
2623  0
2624  130
2625  1
2626  0
2627  1
2628  0
2629  1
2630  0
2631  0
2632  0
2633  0
2634  0
2635  0
2636  0
2637  0
2638  0
2639  0
2640  0
2641  1
2642  0
2643  0
2644  0
2645  0
2646  0
2647  0
2648  0
2649  0
2650  0
2651  0
2652  0
2653  0
2654  0
2655  0
2656  0
2657  0
2658  0
2659  0
2660  0
2661  0
2662  0
2663  0
2664  0
2665  0
2666  0
2667  0
2668  0
2669  0
2670  0
2671  0
2672  0
2673  0
2674  0
2675  0
2676  0
2677  0
2678  0
2679  0
2680  0
2681  0
2682  0
2683  0
2684  0
2685  0
2686  0
2687  0
2688  48
2689  0
2690  0
2691  0
2692  0
2693  0
2694  0
2695  1
2696  0
2697  0
2698  0
2699  0
2700  0
2701  0
2702  0
2703  0
2704  1
2705  0
2706  2
2707  0
2708  0
2709  0
2710  0
2711  0
2712  0
2713  0
2714  0
2715  0
2716  0
2717  0
2718  0
2719  0
2720  0
2721  0
2722  0
2723  0
2724  0
2725  0
2726  0
2727  0
2728  0
2729  0
2730  0
2731  0
2732  0
2733  0
2734  0
2735  0
2736  0
2737  0
2738  0
2739  0
2740  0
2741  0
2742  0
2743  0
2744  0
2745  0
2746  0
2747  0
2748  0
2749  0
2750  0
2751  0
2752  40
2753  1
2754  0
2755  0
2756  0
2757  0
2758  0
2759  0
2760  0
2761  0
2762  0
2763  0
2764  0
2765  0
2766  0
2767  0
2768  2
2769  0
2770  0
2771  0
2772  0
2773  0
2774  0
2775  0
2776  0
2777  0
2778  0
2779  0
2780  0
2781  0
2782  0
2783  0
2784  0
2785  0
2786  0
2787  0
2788  0
2789  0
2790  0
2791  0
2792  0
2793  0
2794  0
2795  0
2796  0
2797  0
2798  0
2799  0
2800  0
2801  0
2802  0
2803  0
2804  0
2805  0
2806  0
2807  0
2808  0
2809  0
2810  0
2811  0
2812  0
2813  0
2814  0
2815  0
2816  40
2817  0
2818  1
2819  0
2820  0
2821  0
2822  0
2823  0
2824  0
2825  0
2826  0
2827  0
2828  0
2829  0
2830  0
2831  0
2832  0
2833  1
2834  0
2835  0
2836  0
2837  0
2838  0
2839  0
2840  0
2841  0
2842  0
2843  0
2844  0
2845  0
2846  0
2847  0
2848  0
2849  0
2850  0
2851  0
2852  0
2853  0
2854  0
2855  0
2856  0
2857  0
2858  0
2859  0
2860  0
2861  0
2862  0
2863  0
2864  0
2865  0
2866  0
2867  0
2868  0
2869  0
2870  0
2871  0
2872  0
2873  0
2874  0
2875  0
2876  0
2877  0
2878  0
2879  0
2880  21
2881  0
2882  0
2883  0
2884  0
2885  0
2886  0
2887  0
2888  0
2889  0
2890  0
2891  0
2892  0
2893  0
2894  0
2895  0
2896  0
2897  1
2898  0
2899  0
2900  0
2901  0
2902  0
2903  0
2904  0
2905  0
2906  0
2907  0
2908  0
2909  0
2910  0
2911  0
2912  0
2913  0
2914  0
2915  0
2916  0
2917  0
2918  0
2919  0
2920  0
2921  0
2922  0
2923  0
2924  0
2925  0
2926  0
2927  0
2928  0
2929  0
2930  0
2931  0
2932  0
2933  0
2934  0
2935  0
2936  0
2937  0
2938  0
2939  0
2940  0
2941  0
2942  0
2943  0
2944  20
2945  0
2946  0
2947  0
2948  0
2949  0
2950  1
2951  0
2952  0
2953  0
2954  0
2955  0
2956  0
2957  0
2958  0
2959  1
2960  0
2961  2
2962  0
2963  0
2964  0
2965  0
2966  0
2967  0
2968  0
2969  0
2970  0
2971  0
2972  0
2973  0
2974  0
2975  0
2976  0
2977  0
2978  0
2979  0
2980  0
2981  0
2982  0
2983  0
2984  0
2985  0
2986  0
2987  0
2988  0
2989  0
2990  0
2991  0
2992  0
2993  0
2994  0
2995  0
2996  0
2997  0
2998  0
2999  0
3000  0
3001  0
3002  0
3003  0
3004  0
3005  0
3006  0
3007  0
3008  15
3009  0
3010  0
3011  0
3012  0
3013  0
3014  0
3015  0
3016  0
3017  0
3018  0
3019  0
3020  0
3021  0
3022  0
3023  0
3024  1
3025  0
3026  1
3027  0
3028  0
3029  0
3030  0
3031  0
3032  0
3033  0
3034  0
3035  0
3036  0
3037  0
3038  0
3039  0
3040  0
3041  0
3042  0
3043  0
3044  0
3045  0
3046  0
3047  0
3048  0
3049  0
3050  0
3051  0
3052  0
3053  0
3054  0
3055  0
3056  0
3057  0
3058  0
3059  0
3060  0
3061  0
3062  0
3063  0
3064  0
3065  0
3066  0
3067  0
3068  0
3069  0
3070  0
3071  0
3072  12
3073  0
3074  0
3075  0
3076  1
3077  0
3078  0
3079  0
3080  0
3081  0
3082  0
3083  0
3084  0
3085  0
3086  0
3087  0
3088  0
3089  1
3090  0
3091  0
3092  0
3093  0
3094  0
3095  0
3096  0
3097  0
3098  0
3099  0
3100  0
3101  0
3102  0
3103  0
3104  0
3105  0
3106  0
3107  0
3108  0
3109  0
3110  0
3111  0
3112  0
3113  0
3114  0
3115  0
3116  0
3117  0
3118  0
3119  0
3120  0
3121  0
3122  0
3123  0
3124  0
3125  0
3126  0
3127  0
3128  0
3129  0
3130  0
3131  0
3132  0
3133  0
3134  0
3135  0
3136  15
3137  0
3138  0
3139  0
3140  0
3141  0
3142  0
3143  0
3144  0
3145  0
3146  1
3147  0
3148  0
3149  0
3150  0
3151  0
3152  1
3153  0
3154  0
3155  0
3156  0
3157  0
3158  0
3159  0
3160  0
3161  0
3162  0
3163  0
3164  0
3165  0
3166  0
3167  0
3168  0
3169  0
3170  0
3171  0
3172  0
3173  0
3174  0
3175  0
3176  0
3177  0
3178  0
3179  0
3180  0
3181  0
3182  0
3183  0
3184  0
3185  0
3186  0
3187  0
3188  0
3189  0
3190  0
3191  0
3192  0
3193  0
3194  0
3195  0
3196  0
3197  0
3198  0
3199  0
3200  86
3201  1
3202  0
3203  0
3204  0
3205  2
3206  0
3207  1
3208  0
3209  0
3210  0
3211  0
3212  0
3213  1
3214  0
3215  0
3216  2
3217  1
3218  0
3219  2
3220  0
3221  0
3222  0
3223  0
3224  0
3225  0
3226  0
3227  0
3228  0
3229  0
3230  0
3231  0
3232  0
3233  0
3234  0
3235  0
3236  0
3237  0
3238  0
3239  0
3240  0
3241  0
3242  0
3243  0
3244  0
3245  0
3246  0
3247  0
3248  0
3249  0
3250  0
3251  0
3252  0
3253  0
3254  0
3255  0
3256  0
3257  0
3258  0
3259  0
3260  0
3261  0
3262  0
3263  0
3264  214
3265  0
3266  0
3267  1
3268  0
3269  0
3270  0
3271  0
3272  0
3273  0
3274  0
3275  0
3276  0
3277  0
3278  0
3279  0
3280  0
3281  0
3282  0
3283  0
3284  0
3285  0
3286  0
3287  0
3288  0
3289  0
3290  0
3291  0
3292  0
3293  0
3294  0
3295  0
3296  0
3297  0
3298  0
3299  0
3300  0
3301  0
3302  0
3303  0
3304  0
3305  0
3306  0
3307  0
3308  0
3309  0
3310  0
3311  0
3312  0
3313  0
3314  0
3315  0
3316  1
3317  0
3318  0
3319  0
3320  0
3321  0
3322  0
3323  0
3324  0
3325  0
3326  0
3327  0
3328  0
3329  0
3330  0
3331  0
3332  0
3333  0
3334  0
3335  0
3336  0
3337  0
3338  0
3339  0
3340  0
3341  0
3342  0
3343  0
3344  0
3345  0
3346  0
3347  0
3348  0
3349  0
3350  0
3351  0
3352  0
3353  0
3354  0
3355  0
3356  0
3357  0
3358  0
3359  0
3360  0
3361  0
3362  0
3363  0
3364  0
3365  0
3366  0
3367  0
3368  0
3369  0
3370  0
3371  0
3372  0
3373  0
3374  0
3375  0
3376  0
3377  0
3378  0
3379  0
3380  0
3381  0
3382  0
3383  0
3384  0
3385  0
3386  0
3387  0
3388  0
3389  0
3390  0
3391  0
3392  0
3393  0
3394  0
3395  0
3396  0
3397  0
3398  0
3399  0
3400  0
3401  0
3402  0
3403  0
3404  0
3405  0
3406  0
3407  0
3408  0
3409  0
3410  0
3411  0
3412  0
3413  0
3414  0
3415  0
3416  0
3417  0
3418  0
3419  0
3420  0
3421  0
3422  0
3423  0
3424  0
3425  0
3426  0
3427  0
3428  0
3429  0
3430  0
3431  0
3432  0
3433  0
3434  0
3435  0
3436  0
3437  0
3438  0
3439  0
3440  0
3441  0
3442  0
3443  0
3444  0
3445  0
3446  0
3447  0
3448  0
3449  0
3450  0
3451  0
3452  0
3453  0
3454  0
3455  0
3456  0
3457  0
3458  0
3459  0
3460  0
3461  0
3462  0
3463  0
3464  0
3465  0
3466  0
3467  0
3468  0
3469  0
3470  0
3471  0
3472  0
3473  0
3474  0
3475  0
3476  0
3477  0
3478  0
3479  0
3480  0
3481  0
3482  0
3483  0
3484  0
3485  0
3486  0
3487  0
3488  0
3489  0
3490  0
3491  0
3492  0
3493  0
3494  0
3495  0
3496  0
3497  0
3498  0
3499  0
3500  0
3501  0
3502  0
3503  0
3504  0
3505  0
3506  0
3507  0
3508  0
3509  0
3510  0
3511  0
3512  0
3513  0
3514  0
3515  0
3516  0
3517  0
3518  0
3519  0
3520  0
3521  0
3522  0
3523  0
3524  0
3525  0
3526  0
3527  0
3528  0
3529  0
3530  0
3531  0
3532  0
3533  0
3534  0
3535  0
3536  0
3537  0
3538  0
3539  0
3540  0
3541  0
3542  0
3543  0
3544  0
3545  0
3546  0
3547  0
3548  0
3549  0
3550  0
3551  0
3552  0
3553  0
3554  0
3555  0
3556  0
3557  0
3558  0
3559  0
3560  0
3561  0
3562  0
3563  0
3564  0
3565  0
3566  0
3567  0
3568  0
3569  0
3570  0
3571  0
3572  0
3573  0
3574  0
3575  0
3576  0
3577  0
3578  0
3579  0
3580  0
3581  0
3582  0
3583  0
3584  0
3585  0
3586  0
3587  0
3588  0
3589  0
3590  0
3591  0
3592  0
3593  0
3594  0
3595  0
3596  0
3597  0
3598  0
3599  0
3600  0
3601  0
3602  0
3603  0
3604  0
3605  0
3606  0
3607  0
3608  0
3609  0
3610  0
3611  0
3612  0
3613  0
3614  0
3615  0
3616  0
3617  0
3618  0
3619  0
3620  0
3621  0
3622  0
3623  0
3624  0
3625  0
3626  0
3627  0
3628  0
3629  0
3630  0
3631  0
3632  0
3633  0
3634  0
3635  0
3636  0
3637  0
3638  0
3639  0
3640  0
3641  0
3642  0
3643  0
3644  0
3645  0
3646  0
3647  0
3648  0
3649  0
3650  0
3651  0
3652  0
3653  0
3654  0
3655  0
3656  0
3657  0
3658  0
3659  0
3660  0
3661  0
3662  0
3663  0
3664  0
3665  0
3666  0
3667  0
3668  0
3669  0
3670  0
3671  0
3672  0
3673  0
3674  0
3675  0
3676  0
3677  0
3678  0
3679  0
3680  0
3681  0
3682  0
3683  0
3684  0
3685  0
3686  0
3687  0
3688  0
3689  0
3690  0
3691  0
3692  0
3693  0
3694  0
3695  0
3696  0
3697  0
3698  0
3699  0
3700  0
3701  0
3702  0
3703  0
3704  0
3705  0
3706  0
3707  0
3708  0
3709  0
3710  0
3711  0
3712  0
3713  0
3714  0
3715  0
3716  1
3717  0
3718  0
3719  0
3720  1
3721  0
3722  0
3723  0
3724  0
3725  0
3726  0
3727  0
3728  0
3729  0
3730  0
3731  0
3732  0
3733  0
3734  0
3735  0
3736  0
3737  0
3738  0
3739  0
3740  0
3741  0
3742  0
3743  0
3744  0
3745  0
3746  0
3747  0
3748  0
3749  0
3750  0
3751  0
3752  0
3753  0
3754  0
3755  0
3756  0
3757  0
3758  0
3759  0
3760  0
3761  0
3762  0
3763  0
3764  0
3765  0
3766  0
3767  0
3768  0
3769  0
3770  0
3771  0
3772  0
3773  0
3774  0
3775  0
3776  0
3777  0
3778  0
3779  0
3780  0
3781  3
3782  2
3783  1
3784  0
3785  1
3786  0
3787  1
3788  1
3789  0
3790  0
3791  0
3792  0
3793  0
3794  0
3795  0
3796  0
3797  0
3798  0
3799  0
3800  0
3801  0
3802  0
3803  0
3804  0
3805  0
3806  0
3807  0
3808  0
3809  0
3810  0
3811  0
3812  0
3813  0
3814  0
3815  0
3816  1
3817  0
3818  0
3819  0
3820  0
3821  0
3822  0
3823  0
3824  0
3825  0
3826  0
3827  0
3828  0
3829  0
3830  0
3831  0
3832  0
3833  0
3834  0
3835  0
3836  0
3837  0
3838  0
3839  0
3840  0
3841  0
3842  0
3843  0
3844  1
3845  3
3846  1
3847  2
3848  0
3849  1
3850  0
3851  0
3852  0
3853  0
3854  0
3855  0
3856  0
3857  0
3858  0
3859  0
3860  0
3861  0
3862  0
3863  0
3864  0
3865  0
3866  0
3867  0
3868  0
3869  0
3870  0
3871  0
3872  0
3873  0
3874  0
3875  0
3876  0
3877  0
3878  0
3879  0
3880  1
3881  0
3882  0
3883  0
3884  0
3885  0
3886  0
3887  0
3888  0
3889  0
3890  0
3891  0
3892  0
3893  0
3894  0
3895  0
3896  0
3897  0
3898  0
3899  0
3900  0
3901  0
3902  0
3903  0
3904  0
3905  0
3906  0
3907  1
3908  1
3909  2
3910  2
3911  2
3912  2
3913  2
3914  3
3915  0
3916  0
3917  1
3918  1
3919  0
3920  1
3921  1
3922  1
3923  0
3924  0
3925  0
3926  0
3927  0
3928  0
3929  0
3930  0
3931  0
3932  0
3933  0
3934  0
3935  0
3936  0
3937  0
3938  0
3939  0
3940  0
3941  0
3942  0
3943  0
3944  0
3945  0
3946  0
3947  0
3948  1
3949  0
3950  1
3951  0
3952  0
3953  0
3954  0
3955  0
3956  0
3957  0
3958  0
3959  0
3960  0
3961  0
3962  0
3963  0
3964  0
3965  0
3966  0
3967  0
3968  0
3969  0
3970  0
3971  0
3972  0
3973  4
3974  4
3975  1
3976  4
3977  1
3978  0
3979  2
3980  1
3981  1
3982  0
3983  1
3984  0
3985  2
3986  2
3987  1
3988  0
3989  0
3990  1
3991  1
3992  0
3993  0
3994  2
3995  0
3996  0
3997  0
3998  1
3999  0
4000  0
4001  1
4002  0
4003  1
4004  0
4005  0
4006  2
4007  0
4008  0
4009  0
4010  0
4011  0
4012  0
4013  0
4014  0
4015  1
4016  0
4017  0
4018  0
4019  1
4020  0
4021  0
4022  0
4023  0
4024  0
4025  0
4026  0
4027  0
4028  0
4029  0
4030  0
4031  0
4032  11
4033  0
4034  1
4035  48
4036  122
4037  158
4038  156
4039  153
4040  120
4041  102
4042  68
4043  79
4044  43
4045  36
4046  28
4047  48
4048  86
4049  96
4050  91
4051  46
4052  23
4053  13
4054  10
4055  11
4056  16
4057  19
4058  18
4059  10
4060  13
4061  11
4062  12
4063  19
4064  14
4065  13
4066  12
4067  11
4068  7
4069  20
4070  13
4071  20
4072  21
4073  25
4074  13
4075  14
4076  9
4077  4
4078  5
4079  3
4080  2
4081  0
4082  0
4083  13
4084  7
4085  0
4086  0
4087  0
4088  0
4089  0
4090  0
4091  0
4092  0
4093  0
4094  0
4095  25
