0  247765
1  11
2  0
3  0
4  0
5  1
6  1
7  0
8  0
9  0
10  1
11  1
12  1
13  1
14  1
15  0
16  0
17  0
18  0
19  1
20  1
21  1
22  0
23  2
24  3
25  0
26  2
27  1
28  0
29  0
30  1
31  1
32  0
33  1
34  1
35  1
36  2
37  3
38  1
39  0
40  1
41  2
42  1
43  1
44  2
45  1
46  1
47  4
48  3
49  1
50  2
51  1
52  1
53  0
54  4
55  1
56  0
57  0
58  1
59  0
60  1
61  1
62  1
63  0
64  0
65  2
66  2
67  2
68  0
69  1
70  2
71  0
72  1
73  4
74  1
75  4
76  2
77  1
78  1
79  2
80  0
81  0
82  2
83  3
84  0
85  0
86  2
87  2
88  0
89  2
90  2
91  3
92  0
93  2
94  3
95  3
96  2
97  1
98  2
99  0
100  0
101  3
102  1
103  2
104  1
105  1
106  4
107  6
108  0
109  0
110  1
111  1
112  3
113  3
114  1
115  2
116  2
117  0
118  1
119  1
120  2
121  3
122  2
123  1
124  1
125  0
126  0
127  1
128  1
129  0
130  0
131  1
132  0
133  0
134  0
135  0
136  0
137  0
138  1
139  1
140  2
141  0
142  1
143  2
144  0
145  1
146  1
147  3
148  2
149  1
150  0
151  2
152  0
153  0
154  2
155  1
156  2
157  0
158  2
159  1
160  0
161  3
162  0
163  2
164  0
165  1
166  2
167  1
168  2
169  2
170  0
171  0
172  0
173  2
174  0
175  0
176  1
177  0
178  0
179  2
180  2
181  1
182  4
183  2
184  3
185  1
186  0
187  6
188  0
189  1
190  1
191  1
192  2
193  5
194  4
195  6
196  7
197  6
198  5
199  9
200  15
201  16
202  21
203  21
204  21
205  30
206  55
207  48
208  53
209  59
210  75
211  107
212  121
213  118
214  156
215  179
216  204
217  206
218  243
219  259
220  247
221  257
222  291
223  213
224  234
225  206
226  209
227  148
228  160
229  114
230  105
231  75
232  66
233  69
234  48
235  38
236  30
237  20
238  33
239  10
240  15
241  9
242  10
243  2
244  7
245  6
246  5
247  1
248  0
249  0
250  2
251  2
252  2
253  0
254  2
255  1
256  4
257  0
258  2
259  1
260  1
261  2
262  2
263  0
264  1
265  2
266  3
267  2
268  3
269  0
270  0
271  1
272  0
273  0
274  3
275  1
276  2
277  1
278  1
279  1
280  1
281  2
282  0
283  1
284  1
285  0
286  0
287  1
288  0
289  0
290  2
291  0
292  0
293  0
294  0
295  1
296  0
297  1
298  1
299  2
300  1
301  3
302  1
303  1
304  4
305  0
306  0
307  2
308  0
309  0
310  1
311  0
312  0
313  0
314  1
315  2
316  0
317  1
318  0
319  0
320  1
321  0
322  1
323  2
324  1
325  0
326  2
327  1
328  0
329  1
330  0
331  2
332  3
333  1
334  3
335  0
336  4
337  10
338  0
339  1
340  0
341  0
342  0
343  0
344  0
345  0
346  0
347  0
348  0
349  0
350  0
351  1
352  0
353  0
354  0
355  0
356  0
357  0
358  0
359  0
360  0
361  0
362  0
363  0
364  0
365  0
366  0
367  0
368  0
369  0
370  0
371  0
372  0
373  0
374  0
375  0
376  0
377  0
378  0
379  0
380  0
381  0
382  0
383  0
384  0
385  0
386  0
387  0
388  0
389  0
390  0
391  0
392  0
393  0
394  0
395  0
396  0
397  0
398  0
399  0
400  0
401  0
402  0
403  0
404  0
405  0
406  0
407  0
408  0
409  0
410  0
411  0
412  0
413  0
414  0
415  0
416  0
417  0
418  1
419  0
420  0
421  0
422  0
423  0
424  0
425  0
426  0
427  0
428  0
429  0
430  0
431  0
432  0
433  0
434  0
435  0
436  0
437  1
438  0
439  0
440  0
441  1
442  0
443  0
444  0
445  0
446  0
447  0
448  0
449  0
450  0
451  0
452  0
453  0
454  0
455  0
456  0
457  0
458  0
459  0
460  0
461  0
462  0
463  1
464  0
465  1
466  0
467  0
468  0
469  0
470  0
471  0
472  0
473  0
474  0
475  0
476  0
477  0
478  0
479  1
480  0
481  0
482  0
483  0
484  0
485  0
486  0
487  0
488  0
489  0
490  0
491  0
492  0
493  0
494  0
495  0
496  0
497  0
498  1
499  0
500  0
501  0
502  0
503  1
504  0
505  0
506  0
507  0
508  0
509  1
510  0
511  0
512  0
513  0
514  0
515  0
516  1
517  0
518  0
519  0
520  0
521  1
522  0
523  0
524  0
525  0
526  0
527  0
528  0
529  0
530  0
531  0
532  0
533  0
534  0
535  1
536  0
537  0
538  0
539  0
540  0
541  0
542  0
543  0
544  0
545  0
546  0
547  0
548  0
549  0
550  0
551  1
552  0
553  0
554  0
555  0
556  1
557  0
558  0
559  1
560  0
561  0
562  0
563  0
564  0
565  0
566  0
567  0
568  0
569  0
570  0
571  0
572  0
573  0
574  0
575  0
576  0
577  0
578  0
579  0
580  0
581  0
582  1
583  0
584  0
585  0
586  0
587  0
588  0
589  0
590  0
591  0
592  0
593  0
594  0
595  0
596  0
597  0
598  0
599  0
600  0
601  0
602  0
603  0
604  0
605  0
606  0
607  0
608  0
609  0
610  0
611  0
612  0
613  1
614  1
615  0
616  0
617  0
618  0
619  0
620  0
621  0
622  0
623  0
624  0
625  0
626  0
627  0
628  1
629  0
630  0
631  1
632  0
633  0
634  0
635  0
636  0
637  0
638  0
639  0
640  1
641  0
642  0
643  0
644  0
645  0
646  0
647  0
648  0
649  0
650  0
651  0
652  0
653  0
654  0
655  1
656  0
657  0
658  0
659  0
660  0
661  0
662  0
663  0
664  0
665  1
666  0
667  0
668  0
669  0
670  0
671  0
672  0
673  0
674  0
675  0
676  0
677  0
678  1
679  0
680  0
681  0
682  0
683  0
684  0
685  0
686  0
687  0
688  1
689  0
690  0
691  0
692  0
693  0
694  0
695  0
696  0
697  0
698  0
699  0
700  0
701  0
702  0
703  0
704  0
705  0
706  1
707  0
708  0
709  0
710  0
711  0
712  0
713  0
714  0
715  0
716  0
717  0
718  0
719  0
720  0
721  0
722  0
723  0
724  0
725  0
726  0
727  0
728  0
729  0
730  0
731  0
732  0
733  0
734  0
735  0
736  0
737  0
738  0
739  0
740  0
741  0
742  0
743  0
744  0
745  0
746  0
747  0
748  0
749  0
750  0
751  0
752  0
753  0
754  0
755  0
756  0
757  0
758  0
759  0
760  0
761  0
762  0
763  0
764  0
765  0
766  1
767  0
768  0
769  0
770  0
771  0
772  0
773  0
774  0
775  0
776  0
777  0
778  0
779  0
780  0
781  0
782  0
783  0
784  0
785  0
786  0
787  0
788  0
789  0
790  0
791  0
792  0
793  0
794  0
795  0
796  0
797  0
798  0
799  0
800  0
801  0
802  0
803  0
804  0
805  0
806  0
807  0
808  0
809  0
810  0
811  0
812  0
813  0
814  0
815  0
816  1
817  0
818  0
819  0
820  0
821  0
822  0
823  0
824  0
825  0
826  0
827  0
828  0
829  0
830  0
831  0
832  0
833  0
834  0
835  0
836  0
837  0
838  0
839  0
840  0
841  0
842  0
843  0
844  0
845  0
846  0
847  0
848  0
849  0
850  0
851  0
852  0
853  0
854  0
855  0
856  0
857  0
858  0
859  0
860  0
861  0
862  0
863  0
864  0
865  0
866  0
867  0
868  0
869  0
870  0
871  0
872  0
873  0
874  0
875  0
876  0
877  0
878  0
879  0
880  0
881  0
882  0
883  0
884  0
885  0
886  0
887  0
888  0
889  0
890  0
891  0
892  0
893  0
894  0
895  0
896  0
897  0
898  0
899  0
900  0
901  0
902  0
903  0
904  0
905  0
906  0
907  0
908  0
909  0
910  0
911  0
912  0
913  0
914  0
915  0
916  0
917  0
918  0
919  0
920  0
921  0
922  0
923  0
924  0
925  0
926  0
927  0
928  0
929  0
930  0
931  0
932  0
933  0
934  0
935  0
936  3
937  1
938  0
939  1
940  0
941  0
942  0
943  0
944  0
945  0
946  0
947  0
948  0
949  0
950  0
951  0
952  0
953  0
954  0
955  0
956  0
957  0
958  0
959  0
960  0
961  0
962  0
963  0
964  0
965  0
966  0
967  1
968  0
969  0
970  0
971  0
972  0
973  0
974  0
975  0
976  0
977  0
978  0
979  0
980  0
981  0
982  0
983  0
984  0
985  0
986  0
987  0
988  0
989  0
990  0
991  0
992  0
993  0
994  0
995  0
996  0
997  0
998  0
999  0
1000  0
1001  0
1002  0
1003  0
1004  0
1005  0
1006  0
1007  0
1008  0
1009  0
1010  0
1011  1
1012  0
1013  0
1014  0
1015  0
1016  0
1017  0
1018  0
1019  0
1020  0
1021  0
1022  0
1023  118240
