0  1
1  0
2  0
3  0
4  0
5  0
6  0
7  0
8  0
9  0
10  0
11  0
12  0
13  0
14  0
15  0
16  0
17  0
18  0
19  0
20  0
21  0
22  0
23  0
24  0
25  0
26  0
27  0
28  0
29  0
30  0
31  0
32  0
33  0
34  0
35  0
36  0
37  0
38  0
39  0
40  0
41  0
42  0
43  0
44  0
45  0
46  0
47  0
48  0
49  0
50  0
51  1
52  0
53  0
54  0
55  0
56  3
57  2
58  12
59  7
60  5
61  7
62  8
63  6
64  5
65  2
66  6
67  4
68  2
69  4
70  5
71  10
72  3
73  4
74  5
75  6
76  9
77  4
78  6
79  13
80  9
81  7
82  17
83  2
84  7
85  8
86  7
87  9
88  6
89  5
90  8
91  11
92  6
93  8
94  11
95  8
96  7
97  4
98  4
99  3
100  7
101  6
102  11
103  6
104  9
105  10
106  5
107  8
108  11
109  7
110  11
111  5
112  9
113  6
114  9
115  10
116  10
117  8
118  10
119  15
120  10
121  6
122  5
123  10
124  4
125  7
126  6
127  7
128  7
129  11
130  10
131  10
132  2
133  5
134  3
135  5
136  11
137  8
138  3
139  11
140  8
141  5
142  10
143  4
144  7
145  10
146  6
147  5
148  14
149  8
150  5
151  3
152  5
153  7
154  3
155  6
156  10
157  4
158  7
159  3
160  12
161  7
162  5
163  8
164  5
165  7
166  9
167  6
168  12
169  6
170  9
171  8
172  9
173  5
174  4
175  7
176  1
177  9
178  2
179  6
180  4
181  5
182  6
183  4
184  7
185  6
186  8
187  3
188  7
189  6
190  3
191  2
192  4
193  2
194  5
195  3
196  4
197  5
198  4
199  4
200  0
201  2
202  4
203  5
204  4
205  3
206  4
207  3
208  0
209  4
210  1
211  3
212  1
213  2
214  2
215  3
216  0
217  1
218  2
219  0
220  1
221  0
222  0
223  2
224  1
225  1
226  4
227  0
228  0
229  2
230  1
231  2
232  1
233  2
234  2
235  3
236  5
237  1
238  3
239  2
240  0
241  4
242  2
243  0
244  3
245  1
246  2
247  3
248  4
249  5
250  3
251  1
252  9
253  7
254  2
255  3
256  10
257  5
258  13
259  6
260  7
261  10
262  6
263  16
264  5
265  10
266  21
267  22
268  12
269  14
270  13
271  15
272  12
273  15
274  12
275  18
276  18
277  13
278  27
279  11
280  18
281  18
282  14
283  19
284  14
285  16
286  15
287  15
288  15
289  15
290  15
291  5
292  10
293  12
294  7
295  6
296  10
297  11
298  11
299  13
300  6
301  9
302  7
303  7
304  10
305  7
306  3
307  12
308  6
309  3
310  7
311  7
312  5
313  0
314  4
315  3
316  4
317  0
318  2
319  2
320  4
321  2
322  1
323  2
324  0
325  0
326  3
327  2
328  4
329  1
330  1
331  2
332  1
333  0
334  0
335  0
336  0
337  1
338  0
339  0
340  1
341  1
342  0
343  0
344  0
345  1
346  1
347  0
348  1
349  0
350  1
351  1
352  0
353  0
354  1
355  1
356  0
357  0
358  0
359  0
360  0
361  0
362  0
363  0
364  0
365  1
366  0
367  1
368  1
369  0
370  0
371  0
372  2
373  1
374  0
375  0
376  0
377  0
378  0
379  0
380  0
381  0
382  0
383  0
384  0
385  1
386  0
387  1
388  0
389  1
390  0
391  0
392  1
393  1
394  1
395  0
396  0
397  0
398  0
399  0
400  1
401  0
402  1
403  0
404  1
405  0
406  0
407  0
408  0
409  0
410  1
411  0
412  0
413  1
414  0
415  0
416  1
417  0
418  0
419  1
420  0
421  0
422  0
423  0
424  0
425  0
426  0
427  0
428  0
429  1
430  1
431  1
432  1
433  0
434  1
435  0
436  0
437  0
438  0
439  0
440  0
441  0
442  0
443  0
444  0
445  0
446  0
447  1
448  0
449  0
450  0
451  0
452  0
453  0
454  0
455  0
456  0
457  0
458  1
459  0
460  0
461  0
462  0
463  0
464  0
465  0
466  0
467  0
468  0
469  0
470  0
471  0
472  0
473  0
474  0
475  0
476  1
477  0
478  0
479  0
480  0
481  0
482  0
483  0
484  0
485  0
486  0
487  0
488  0
489  1
490  0
491  0
492  0
493  0
494  0
495  0
496  1
497  0
498  0
499  0
500  0
501  0
502  0
503  0
504  0
505  0
506  0
507  0
508  0
509  0
510  0
511  0
512  0
513  0
514  0
515  0
516  1
517  1
518  0
519  0
520  0
521  0
522  0
523  0
524  0
525  1
526  0
527  0
528  0
529  0
530  0
531  0
532  0
533  1
534  0
535  0
536  0
537  0
538  0
539  0
540  0
541  0
542  0
543  1
544  0
545  0
546  0
547  0
548  0
549  0
550  0
551  0
552  0
553  2
554  0
555  0
556  0
557  0
558  0
559  0
560  1
561  1
562  0
563  1
564  0
565  2
566  0
567  0
568  0
569  0
570  0
571  0
572  0
573  0
574  0
575  0
576  0
577  1
578  0
579  0
580  0
581  0
582  0
583  0
584  1
585  0
586  0
587  1
588  0
589  0
590  0
591  1
592  0
593  0
594  0
595  0
596  0
597  0
598  0
599  0
600  2
601  1
602  0
603  0
604  0
605  0
606  0
607  0
608  0
609  0
610  0
611  0
612  0
613  0
614  0
615  1
616  0
617  0
618  0
619  0
620  0
621  0
622  0
623  0
624  0
625  0
626  1
627  0
628  0
629  1
630  0
631  0
632  0
633  0
634  0
635  1
636  0
637  0
638  0
639  0
640  0
641  0
642  0
643  0
644  1
645  0
646  1
647  0
648  1
649  0
650  2
651  1
652  0
653  1
654  0
655  0
656  0
657  0
658  1
659  1
660  0
661  1
662  0
663  0
664  0
665  0
666  1
667  0
668  2
669  0
670  0
671  0
672  0
673  1
674  0
675  0
676  0
677  1
678  0
679  1
680  1
681  0
682  0
683  0
684  0
685  1
686  0
687  0
688  0
689  1
690  1
691  0
692  0
693  0
694  0
695  0
696  1
697  1
698  0
699  1
700  0
701  0
702  0
703  0
704  0
705  0
706  0
707  0
708  2
709  0
710  0
711  1
712  0
713  0
714  0
715  0
716  1
717  0
718  1
719  0
720  0
721  0
722  0
723  0
724  0
725  1
726  0
727  0
728  0
729  0
730  0
731  0
732  0
733  0
734  0
735  0
736  0
737  0
738  0
739  0
740  0
741  0
742  0
743  0
744  0
745  0
746  0
747  0
748  0
749  1
750  0
751  0
752  0
753  0
754  0
755  0
756  0
757  0
758  0
759  0
760  0
761  0
762  0
763  0
764  0
765  0
766  0
767  0
768  0
769  0
770  0
771  0
772  0
773  0
774  0
775  0
776  0
777  0
778  0
779  0
780  0
781  0
782  0
783  0
784  0
785  0
786  0
787  0
788  0
789  0
790  0
791  0
792  0
793  0
794  1
795  0
796  0
797  0
798  0
799  0
800  0
801  0
802  0
803  0
804  0
805  0
806  0
807  0
808  0
809  0
810  0
811  0
812  0
813  0
814  0
815  0
816  0
817  0
818  0
819  0
820  0
821  0
822  0
823  0
824  0
825  0
826  0
827  0
828  0
829  0
830  0
831  0
832  0
833  0
834  0
835  0
836  0
837  0
838  0
839  0
840  0
841  0
842  0
843  0
844  0
845  0
846  0
847  0
848  0
849  0
850  0
851  0
852  0
853  0
854  0
855  0
856  0
857  0
858  0
859  0
860  0
861  0
862  0
863  0
864  0
865  0
866  0
867  0
868  0
869  0
870  0
871  0
872  0
873  0
874  0
875  0
876  0
877  0
878  0
879  0
880  0
881  0
882  0
883  0
884  0
885  0
886  0
887  0
888  0
889  0
890  0
891  0
892  0
893  0
894  0
895  0
896  0
897  0
898  0
899  0
900  0
901  0
902  0
903  0
904  0
905  0
906  0
907  0
908  0
909  0
910  0
911  0
912  0
913  0
914  0
915  0
916  0
917  0
918  0
919  0
920  0
921  0
922  0
923  0
924  0
925  0
926  0
927  0
928  0
929  0
930  0
931  0
932  0
933  0
934  0
935  0
936  0
937  0
938  0
939  0
940  0
941  0
942  0
943  0
944  0
945  0
946  0
947  0
948  0
949  0
950  0
951  0
952  0
953  0
954  0
955  0
956  0
957  0
958  0
959  0
960  0
961  0
962  0
963  0
964  0
965  0
966  0
967  0
968  0
969  0
970  0
971  0
972  0
973  0
974  0
975  0
976  0
977  0
978  0
979  0
980  0
981  0
982  0
983  0
984  0
985  0
986  0
987  0
988  0
989  0
990  0
991  0
992  0
993  0
994  0
995  0
996  0
997  0
998  0
999  0
1000  0
1001  0
1002  0
1003  0
1004  0
1005  0
1006  0
1007  0
1008  0
1009  0
1010  0
1011  0
1012  0
1013  0
1014  0
1015  0
1016  0
1017  0
1018  0
1019  0
1020  0
1021  0
1022  0
1023  0
