0  3
1  0
2  0
3  0
4  0
5  0
6  0
7  0
8  0
9  0
10  0
11  0
12  0
13  0
14  0
15  0
16  0
17  0
18  0
19  0
20  0
21  0
22  0
23  0
24  0
25  0
26  0
27  0
28  0
29  0
30  0
31  0
32  0
33  0
34  0
35  0
36  0
37  0
38  0
39  0
40  0
41  0
42  0
43  0
44  0
45  0
46  0
47  0
48  0
49  0
50  0
51  0
52  0
53  0
54  0
55  0
56  0
57  0
58  0
59  0
60  0
61  0
62  0
63  0
64  0
65  0
66  0
67  0
68  0
69  0
70  0
71  0
72  0
73  0
74  0
75  0
76  0
77  0
78  0
79  0
80  0
81  0
82  0
83  0
84  0
85  0
86  0
87  0
88  0
89  0
90  0
91  0
92  0
93  0
94  0
95  0
96  0
97  0
98  0
99  0
100  0
101  0
102  0
103  0
104  0
105  0
106  1
107  0
108  3
109  6
110  15
111  15
112  12
113  18
114  18
115  17
116  23
117  24
118  19
119  29
120  16
121  22
122  23
123  20
124  12
125  18
126  24
127  20
128  22
129  23
130  21
131  15
132  15
133  13
134  15
135  21
136  14
137  22
138  18
139  17
140  15
141  17
142  21
143  20
144  19
145  16
146  16
147  13
148  15
149  16
150  16
151  18
152  18
153  10
154  10
155  18
156  18
157  23
158  23
159  14
160  15
161  18
162  18
163  13
164  20
165  14
166  15
167  10
168  20
169  8
170  10
171  13
172  20
173  14
174  13
175  16
176  15
177  17
178  21
179  11
180  12
181  15
182  10
183  13
184  11
185  9
186  14
187  17
188  21
189  20
190  11
191  13
192  7
193  12
194  15
195  7
196  11
197  16
198  10
199  12
200  12
201  11
202  8
203  8
204  6
205  8
206  5
207  7
208  10
209  10
210  7
211  5
212  8
213  11
214  11
215  13
216  9
217  12
218  7
219  6
220  6
221  3
222  3
223  8
224  12
225  1
226  6
227  4
228  8
229  5
230  2
231  7
232  8
233  3
234  9
235  7
236  8
237  7
238  12
239  11
240  12
241  6
242  8
243  14
244  14
245  7
246  12
247  11
248  18
249  20
250  25
251  24
252  32
253  22
254  35
255  14
256  33
257  34
258  30
259  44
260  44
261  39
262  50
263  38
264  51
265  53
266  45
267  51
268  52
269  65
270  62
271  66
272  82
273  65
274  69
275  71
276  67
277  71
278  77
279  64
280  79
281  77
282  66
283  74
284  84
285  73
286  77
287  84
288  69
289  69
290  58
291  75
292  60
293  55
294  76
295  57
296  68
297  58
298  52
299  52
300  50
301  49
302  44
303  39
304  45
305  39
306  30
307  27
308  29
309  38
310  27
311  30
312  23
313  26
314  25
315  26
316  16
317  15
318  18
319  20
320  22
321  13
322  10
323  10
324  12
325  14
326  3
327  10
328  4
329  10
330  9
331  10
332  6
333  6
334  4
335  2
336  5
337  6
338  5
339  5
340  3
341  5
342  4
343  2
344  0
345  1
346  1
347  1
348  3
349  0
350  0
351  2
352  2
353  2
354  0
355  1
356  2
357  0
358  1
359  1
360  2
361  2
362  1
363  0
364  1
365  0
366  2
367  0
368  1
369  0
370  0
371  1
372  0
373  0
374  0
375  0
376  0
377  1
378  0
379  0
380  0
381  0
382  0
383  0
384  0
385  0
386  0
387  1
388  0
389  0
390  0
391  0
392  1
393  1
394  2
395  0
396  2
397  0
398  0
399  0
400  0
401  1
402  1
403  0
404  0
405  1
406  1
407  0
408  0
409  0
410  0
411  0
412  0
413  0
414  0
415  0
416  1
417  0
418  0
419  0
420  0
421  0
422  0
423  0
424  0
425  0
426  0
427  0
428  0
429  0
430  0
431  0
432  0
433  0
434  0
435  0
436  0
437  0
438  0
439  1
440  0
441  0
442  1
443  0
444  0
445  1
446  0
447  0
448  0
449  1
450  0
451  0
452  0
453  0
454  0
455  0
456  0
457  0
458  0
459  0
460  0
461  1
462  0
463  0
464  1
465  0
466  1
467  1
468  0
469  2
470  0
471  0
472  1
473  0
474  0
475  0
476  1
477  1
478  0
479  0
480  0
481  1
482  0
483  0
484  0
485  0
486  0
487  0
488  1
489  0
490  0
491  0
492  0
493  0
494  0
495  0
496  1
497  0
498  0
499  0
500  0
501  0
502  0
503  1
504  0
505  0
506  0
507  0
508  1
509  1
510  0
511  0
512  0
513  0
514  1
515  0
516  0
517  0
518  0
519  1
520  0
521  0
522  0
523  1
524  0
525  0
526  0
527  0
528  0
529  0
530  0
531  0
532  0
533  1
534  0
535  0
536  0
537  0
538  0
539  0
540  0
541  0
542  0
543  0
544  0
545  0
546  0
547  0
548  0
549  0
550  0
551  0
552  0
553  1
554  0
555  0
556  0
557  0
558  0
559  0
560  0
561  0
562  0
563  0
564  0
565  0
566  0
567  0
568  0
569  1
570  0
571  0
572  0
573  0
574  0
575  0
576  0
577  0
578  0
579  0
580  0
581  1
582  0
583  0
584  0
585  0
586  0
587  0
588  0
589  0
590  0
591  0
592  0
593  0
594  1
595  0
596  0
597  2
598  0
599  0
600  0
601  0
602  0
603  0
604  0
605  0
606  0
607  0
608  0
609  0
610  0
611  0
612  0
613  0
614  0
615  0
616  0
617  0
618  1
619  0
620  1
621  0
622  0
623  0
624  0
625  0
626  0
627  0
628  0
629  1
630  0
631  0
632  1
633  0
634  0
635  0
636  0
637  0
638  0
639  0
640  0
641  0
642  0
643  0
644  0
645  0
646  0
647  0
648  0
649  0
650  0
651  0
652  0
653  0
654  0
655  0
656  0
657  0
658  0
659  0
660  0
661  0
662  0
663  0
664  0
665  1
666  0
667  0
668  0
669  0
670  0
671  0
672  0
673  0
674  1
675  0
676  1
677  0
678  0
679  0
680  0
681  0
682  0
683  0
684  0
685  0
686  0
687  0
688  0
689  0
690  2
691  0
692  0
693  0
694  0
695  0
696  0
697  0
698  0
699  0
700  0
701  0
702  0
703  0
704  0
705  1
706  0
707  0
708  0
709  0
710  0
711  1
712  0
713  0
714  0
715  0
716  0
717  0
718  0
719  0
720  0
721  1
722  0
723  0
724  0
725  0
726  0
727  0
728  0
729  0
730  0
731  0
732  0
733  0
734  0
735  1
736  0
737  0
738  0
739  0
740  1
741  0
742  0
743  0
744  1
745  0
746  0
747  0
748  0
749  0
750  0
751  0
752  0
753  1
754  0
755  0
756  0
757  0
758  0
759  0
760  0
761  0
762  0
763  0
764  0
765  0
766  0
767  0
768  0
769  0
770  0
771  0
772  0
773  0
774  0
775  0
776  0
777  0
778  0
779  0
780  0
781  0
782  0
783  0
784  0
785  0
786  0
787  0
788  0
789  0
790  0
791  0
792  0
793  0
794  0
795  0
796  0
797  0
798  0
799  0
800  0
801  0
802  0
803  0
804  0
805  0
806  0
807  0
808  0
809  0
810  0
811  0
812  0
813  0
814  0
815  0
816  0
817  0
818  0
819  0
820  0
821  0
822  0
823  0
824  0
825  0
826  0
827  0
828  0
829  0
830  0
831  0
832  0
833  0
834  1
835  1
836  1
837  1
838  1
839  0
840  0
841  0
842  0
843  0
844  0
845  0
846  0
847  0
848  0
849  0
850  0
851  0
852  0
853  0
854  0
855  0
856  0
857  0
858  0
859  0
860  0
861  0
862  0
863  0
864  0
865  0
866  0
867  0
868  0
869  0
870  0
871  0
872  0
873  0
874  0
875  0
876  0
877  0
878  0
879  0
880  0
881  0
882  0
883  0
884  0
885  0
886  0
887  0
888  0
889  0
890  0
891  0
892  0
893  0
894  0
895  0
896  0
897  0
898  0
899  0
900  0
901  0
902  0
903  0
904  0
905  0
906  0
907  0
908  0
909  0
910  0
911  0
912  0
913  0
914  0
915  0
916  0
917  0
918  0
919  0
920  0
921  0
922  0
923  0
924  0
925  0
926  0
927  0
928  0
929  0
930  0
931  0
932  0
933  0
934  0
935  0
936  0
937  0
938  0
939  0
940  0
941  0
942  0
943  0
944  0
945  0
946  0
947  0
948  0
949  0
950  0
951  0
952  0
953  0
954  0
955  0
956  0
957  0
958  0
959  0
960  0
961  0
962  0
963  0
964  0
965  0
966  0
967  0
968  0
969  0
970  0
971  0
972  0
973  0
974  0
975  0
976  0
977  0
978  0
979  0
980  0
981  0
982  0
983  0
984  0
985  0
986  0
987  0
988  0
989  0
990  0
991  0
992  0
993  0
994  0
995  0
996  0
997  0
998  0
999  0
1000  0
1001  0
1002  0
1003  0
1004  0
1005  0
1006  0
1007  0
1008  0
1009  0
1010  0
1011  0
1012  0
1013  0
1014  0
1015  0
1016  0
1017  0
1018  0
1019  0
1020  0
1021  0
1022  0
1023  0
