0  2
1  0
2  0
3  0
4  0
5  0
6  0
7  0
8  0
9  0
10  0
11  0
12  0
13  0
14  0
15  0
16  0
17  0
18  0
19  0
20  0
21  0
22  0
23  0
24  0
25  0
26  0
27  0
28  0
29  0
30  0
31  0
32  0
33  0
34  0
35  0
36  0
37  0
38  0
39  0
40  0
41  0
42  0
43  0
44  0
45  0
46  0
47  0
48  0
49  0
50  0
51  0
52  0
53  0
54  0
55  0
56  0
57  0
58  0
59  0
60  0
61  0
62  0
63  0
64  0
65  0
66  0
67  0
68  0
69  0
70  0
71  0
72  0
73  0
74  0
75  0
76  0
77  0
78  0
79  0
80  0
81  0
82  0
83  0
84  0
85  0
86  0
87  0
88  0
89  0
90  0
91  0
92  0
93  0
94  0
95  0
96  0
97  0
98  0
99  0
100  0
101  0
102  0
103  0
104  0
105  0
106  0
107  2
108  3
109  8
110  11
111  12
112  15
113  25
114  27
115  26
116  23
117  16
118  34
119  17
120  26
121  30
122  22
123  26
124  31
125  15
126  28
127  20
128  22
129  24
130  19
131  26
132  25
133  23
134  27
135  21
136  24
137  16
138  14
139  25
140  24
141  22
142  30
143  22
144  20
145  23
146  16
147  23
148  15
149  22
150  33
151  28
152  23
153  20
154  21
155  21
156  24
157  18
158  20
159  26
160  27
161  28
162  20
163  23
164  18
165  21
166  19
167  13
168  21
169  18
170  21
171  11
172  14
173  19
174  17
175  13
176  34
177  24
178  13
179  22
180  29
181  16
182  22
183  26
184  17
185  25
186  14
187  17
188  23
189  18
190  13
191  15
192  24
193  15
194  19
195  14
196  14
197  14
198  13
199  13
200  8
201  12
202  11
203  10
204  11
205  21
206  12
207  11
208  10
209  6
210  8
211  4
212  11
213  5
214  8
215  7
216  9
217  7
218  4
219  9
220  7
221  4
222  8
223  4
224  5
225  5
226  3
227  6
228  8
229  5
230  8
231  6
232  11
233  5
234  4
235  5
236  6
237  14
238  9
239  9
240  7
241  13
242  8
243  18
244  13
245  23
246  19
247  14
248  19
249  24
250  19
251  26
252  34
253  26
254  37
255  30
256  42
257  37
258  55
259  51
260  50
261  58
262  66
263  55
264  77
265  63
266  74
267  79
268  111
269  76
270  90
271  95
272  97
273  94
274  111
275  93
276  113
277  108
278  113
279  102
280  123
281  111
282  115
283  111
284  113
285  116
286  134
287  131
288  103
289  108
290  105
291  95
292  130
293  119
294  103
295  101
296  88
297  89
298  102
299  94
300  79
301  76
302  80
303  63
304  62
305  66
306  54
307  61
308  62
309  57
310  51
311  45
312  59
313  55
314  36
315  37
316  44
317  45
318  34
319  34
320  20
321  21
322  25
323  15
324  20
325  11
326  16
327  16
328  12
329  13
330  11
331  8
332  10
333  11
334  17
335  10
336  15
337  5
338  6
339  12
340  6
341  5
342  3
343  3
344  3
345  3
346  7
347  2
348  6
349  3
350  1
351  6
352  1
353  2
354  2
355  0
356  1
357  1
358  2
359  3
360  2
361  0
362  0
363  1
364  0
365  0
366  0
367  1
368  0
369  0
370  0
371  0
372  0
373  1
374  0
375  1
376  1
377  1
378  1
379  0
380  0
381  0
382  0
383  0
384  0
385  1
386  0
387  0
388  0
389  2
390  0
391  0
392  1
393  0
394  1
395  0
396  1
397  0
398  0
399  0
400  0
401  0
402  0
403  0
404  1
405  0
406  0
407  0
408  0
409  0
410  0
411  0
412  0
413  2
414  0
415  0
416  1
417  0
418  0
419  0
420  0
421  0
422  2
423  0
424  0
425  0
426  0
427  0
428  0
429  0
430  0
431  0
432  0
433  0
434  0
435  0
436  0
437  0
438  0
439  0
440  0
441  0
442  0
443  0
444  0
445  0
446  0
447  0
448  0
449  0
450  0
451  0
452  0
453  0
454  0
455  0
456  0
457  0
458  1
459  0
460  0
461  0
462  0
463  0
464  0
465  0
466  0
467  1
468  1
469  0
470  0
471  0
472  0
473  0
474  0
475  0
476  0
477  0
478  0
479  0
480  0
481  0
482  0
483  0
484  1
485  0
486  1
487  0
488  1
489  1
490  0
491  0
492  0
493  0
494  0
495  0
496  0
497  1
498  0
499  0
500  0
501  0
502  0
503  0
504  0
505  0
506  1
507  0
508  0
509  0
510  0
511  0
512  1
513  0
514  0
515  0
516  0
517  0
518  0
519  0
520  0
521  0
522  0
523  0
524  0
525  0
526  0
527  0
528  0
529  0
530  1
531  0
532  0
533  0
534  0
535  0
536  0
537  0
538  0
539  0
540  0
541  1
542  0
543  0
544  0
545  0
546  1
547  0
548  0
549  0
550  0
551  0
552  0
553  0
554  0
555  0
556  0
557  0
558  0
559  0
560  0
561  0
562  0
563  1
564  0
565  0
566  0
567  0
568  0
569  1
570  0
571  0
572  0
573  0
574  0
575  0
576  0
577  0
578  0
579  0
580  0
581  0
582  1
583  0
584  0
585  1
586  0
587  1
588  0
589  0
590  0
591  0
592  0
593  0
594  0
595  0
596  0
597  0
598  0
599  1
600  0
601  0
602  0
603  0
604  0
605  1
606  0
607  0
608  0
609  0
610  0
611  0
612  0
613  0
614  0
615  0
616  0
617  0
618  1
619  0
620  0
621  0
622  0
623  0
624  0
625  0
626  0
627  0
628  0
629  0
630  0
631  0
632  1
633  0
634  1
635  0
636  0
637  0
638  1
639  0
640  0
641  1
642  0
643  0
644  0
645  0
646  0
647  0
648  0
649  0
650  0
651  0
652  0
653  0
654  0
655  0
656  0
657  0
658  0
659  0
660  0
661  0
662  0
663  1
664  1
665  0
666  0
667  0
668  1
669  0
670  0
671  0
672  0
673  0
674  1
675  0
676  1
677  0
678  0
679  0
680  0
681  1
682  0
683  0
684  0
685  0
686  0
687  0
688  0
689  0
690  1
691  1
692  0
693  0
694  0
695  0
696  0
697  0
698  0
699  0
700  0
701  1
702  0
703  0
704  0
705  0
706  1
707  0
708  0
709  1
710  0
711  0
712  0
713  0
714  0
715  0
716  0
717  0
718  1
719  0
720  0
721  1
722  0
723  0
724  0
725  0
726  0
727  0
728  0
729  0
730  0
731  0
732  0
733  0
734  0
735  0
736  0
737  0
738  1
739  0
740  0
741  0
742  0
743  0
744  0
745  1
746  0
747  0
748  0
749  0
750  0
751  0
752  2
753  1
754  0
755  0
756  0
757  1
758  0
759  0
760  0
761  0
762  0
763  0
764  0
765  0
766  0
767  0
768  0
769  0
770  0
771  0
772  0
773  1
774  0
775  0
776  0
777  0
778  0
779  0
780  0
781  0
782  1
783  0
784  1
785  0
786  0
787  0
788  0
789  0
790  0
791  0
792  0
793  0
794  0
795  0
796  0
797  0
798  0
799  0
800  0
801  0
802  0
803  0
804  0
805  0
806  0
807  0
808  0
809  0
810  0
811  0
812  0
813  0
814  0
815  0
816  0
817  0
818  0
819  0
820  0
821  0
822  0
823  0
824  0
825  0
826  0
827  0
828  0
829  0
830  1
831  1
832  1
833  1
834  0
835  1
836  2
837  3
838  1
839  0
840  0
841  0
842  0
843  0
844  0
845  0
846  0
847  0
848  0
849  0
850  0
851  0
852  0
853  0
854  0
855  0
856  0
857  0
858  0
859  0
860  0
861  0
862  0
863  0
864  0
865  0
866  0
867  0
868  0
869  0
870  0
871  0
872  0
873  0
874  0
875  0
876  0
877  0
878  0
879  0
880  0
881  0
882  0
883  0
884  0
885  0
886  0
887  0
888  0
889  0
890  0
891  0
892  0
893  0
894  0
895  0
896  0
897  0
898  0
899  0
900  0
901  0
902  0
903  0
904  0
905  0
906  0
907  0
908  0
909  0
910  0
911  0
912  0
913  0
914  0
915  0
916  0
917  0
918  0
919  0
920  0
921  0
922  0
923  0
924  0
925  0
926  0
927  0
928  0
929  0
930  0
931  0
932  0
933  0
934  0
935  0
936  0
937  0
938  0
939  0
940  0
941  0
942  0
943  0
944  0
945  0
946  0
947  0
948  0
949  0
950  0
951  0
952  0
953  0
954  0
955  0
956  0
957  0
958  0
959  0
960  0
961  0
962  0
963  0
964  0
965  0
966  0
967  0
968  0
969  0
970  0
971  0
972  0
973  0
974  0
975  0
976  0
977  0
978  0
979  0
980  0
981  0
982  0
983  0
984  0
985  0
986  0
987  0
988  0
989  0
990  0
991  0
992  0
993  0
994  0
995  0
996  0
997  0
998  0
999  0
1000  0
1001  0
1002  0
1003  0
1004  0
1005  0
1006  0
1007  0
1008  0
1009  0
1010  0
1011  0
1012  0
1013  0
1014  0
1015  0
1016  0
1017  0
1018  0
1019  0
1020  0
1021  0
1022  0
1023  0
