0  2
1  0
2  0
3  0
4  0
5  0
6  0
7  0
8  0
9  0
10  0
11  0
12  0
13  0
14  0
15  0
16  0
17  0
18  0
19  0
20  0
21  0
22  0
23  0
24  0
25  0
26  0
27  0
28  0
29  0
30  0
31  0
32  0
33  0
34  0
35  0
36  0
37  0
38  0
39  0
40  0
41  0
42  0
43  0
44  0
45  0
46  0
47  0
48  0
49  0
50  0
51  0
52  0
53  0
54  0
55  0
56  0
57  0
58  0
59  0
60  0
61  0
62  0
63  0
64  0
65  0
66  0
67  0
68  0
69  0
70  0
71  0
72  1
73  0
74  0
75  0
76  0
77  0
78  0
79  0
80  0
81  0
82  0
83  0
84  0
85  0
86  0
87  0
88  0
89  0
90  0
91  1
92  0
93  0
94  0
95  0
96  0
97  0
98  0
99  0
100  0
101  0
102  0
103  0
104  1
105  0
106  0
107  1
108  1
109  2
110  6
111  4
112  5
113  9
114  7
115  8
116  6
117  11
118  6
119  17
120  8
121  6
122  10
123  13
124  10
125  13
126  5
127  14
128  10
129  11
130  8
131  8
132  7
133  10
134  7
135  11
136  9
137  10
138  9
139  12
140  12
141  5
142  8
143  6
144  5
145  17
146  8
147  6
148  4
149  9
150  10
151  13
152  7
153  8
154  10
155  11
156  13
157  8
158  10
159  10
160  8
161  5
162  6
163  7
164  3
165  4
166  7
167  10
168  10
169  10
170  6
171  9
172  13
173  6
174  7
175  4
176  9
177  7
178  8
179  9
180  5
181  8
182  5
183  12
184  10
185  8
186  7
187  9
188  5
189  5
190  6
191  6
192  6
193  5
194  3
195  4
196  3
197  6
198  3
199  7
200  4
201  4
202  6
203  7
204  4
205  3
206  2
207  7
208  2
209  7
210  4
211  3
212  2
213  4
214  7
215  6
216  4
217  6
218  5
219  3
220  6
221  0
222  0
223  3
224  3
225  6
226  2
227  2
228  2
229  2
230  4
231  3
232  3
233  5
234  4
235  7
236  3
237  6
238  4
239  4
240  2
241  9
242  6
243  10
244  2
245  8
246  6
247  6
248  10
249  8
250  7
251  9
252  8
253  21
254  11
255  12
256  11
257  15
258  17
259  9
260  10
261  25
262  15
263  18
264  17
265  26
266  23
267  23
268  29
269  30
270  30
271  27
272  20
273  31
274  31
275  27
276  31
277  25
278  37
279  27
280  25
281  34
282  18
283  24
284  30
285  28
286  24
287  26
288  38
289  25
290  23
291  25
292  21
293  15
294  17
295  25
296  18
297  17
298  12
299  25
300  24
301  14
302  12
303  26
304  20
305  19
306  12
307  14
308  12
309  10
310  11
311  9
312  10
313  7
314  10
315  8
316  8
317  5
318  6
319  4
320  7
321  10
322  5
323  4
324  6
325  2
326  3
327  9
328  3
329  4
330  4
331  1
332  2
333  4
334  2
335  3
336  1
337  0
338  2
339  0
340  2
341  0
342  2
343  0
344  3
345  1
346  0
347  1
348  0
349  0
350  1
351  0
352  1
353  1
354  0
355  1
356  0
357  0
358  0
359  0
360  0
361  0
362  0
363  1
364  0
365  0
366  0
367  0
368  0
369  0
370  0
371  0
372  0
373  0
374  0
375  0
376  1
377  0
378  1
379  0
380  0
381  0
382  1
383  0
384  1
385  0
386  0
387  0
388  0
389  0
390  0
391  0
392  0
393  0
394  1
395  0
396  0
397  0
398  0
399  0
400  0
401  0
402  0
403  1
404  0
405  0
406  0
407  0
408  0
409  0
410  0
411  0
412  1
413  0
414  1
415  0
416  0
417  0
418  0
419  1
420  0
421  0
422  0
423  0
424  0
425  0
426  0
427  0
428  1
429  0
430  0
431  0
432  1
433  0
434  0
435  0
436  0
437  0
438  0
439  0
440  0
441  0
442  0
443  0
444  0
445  0
446  0
447  0
448  0
449  0
450  0
451  1
452  0
453  0
454  0
455  0
456  0
457  0
458  0
459  0
460  0
461  0
462  0
463  0
464  0
465  0
466  0
467  0
468  0
469  0
470  0
471  0
472  0
473  0
474  0
475  0
476  0
477  0
478  0
479  0
480  0
481  0
482  0
483  0
484  1
485  0
486  0
487  0
488  0
489  0
490  0
491  0
492  0
493  0
494  0
495  0
496  0
497  0
498  0
499  1
500  0
501  0
502  0
503  0
504  0
505  0
506  0
507  0
508  0
509  0
510  0
511  0
512  0
513  1
514  0
515  0
516  0
517  0
518  0
519  0
520  0
521  0
522  0
523  0
524  0
525  0
526  1
527  0
528  0
529  0
530  0
531  1
532  0
533  0
534  0
535  0
536  0
537  0
538  0
539  0
540  0
541  0
542  0
543  0
544  0
545  0
546  0
547  0
548  0
549  0
550  0
551  0
552  0
553  0
554  0
555  0
556  0
557  0
558  0
559  1
560  0
561  1
562  0
563  0
564  0
565  1
566  1
567  0
568  0
569  0
570  0
571  0
572  0
573  0
574  0
575  0
576  0
577  0
578  0
579  1
580  0
581  0
582  0
583  0
584  0
585  0
586  0
587  0
588  0
589  0
590  0
591  0
592  0
593  0
594  0
595  0
596  0
597  0
598  0
599  0
600  0
601  0
602  0
603  0
604  0
605  0
606  0
607  0
608  0
609  0
610  0
611  0
612  0
613  0
614  0
615  1
616  0
617  1
618  0
619  0
620  1
621  0
622  1
623  0
624  0
625  0
626  0
627  0
628  0
629  0
630  0
631  0
632  1
633  0
634  1
635  0
636  0
637  0
638  0
639  0
640  0
641  0
642  0
643  0
644  0
645  0
646  0
647  0
648  0
649  0
650  0
651  0
652  0
653  0
654  0
655  0
656  0
657  0
658  0
659  0
660  0
661  0
662  0
663  0
664  0
665  0
666  0
667  0
668  0
669  0
670  0
671  0
672  0
673  0
674  0
675  0
676  0
677  0
678  0
679  0
680  0
681  0
682  0
683  0
684  0
685  0
686  0
687  0
688  0
689  0
690  0
691  0
692  0
693  0
694  0
695  0
696  0
697  0
698  0
699  1
700  0
701  0
702  0
703  0
704  0
705  0
706  0
707  0
708  0
709  0
710  0
711  0
712  0
713  0
714  0
715  0
716  0
717  0
718  0
719  0
720  0
721  0
722  0
723  0
724  0
725  0
726  0
727  0
728  0
729  0
730  0
731  0
732  0
733  0
734  0
735  1
736  0
737  0
738  0
739  0
740  0
741  0
742  0
743  0
744  1
745  0
746  0
747  0
748  0
749  0
750  0
751  0
752  0
753  0
754  0
755  0
756  0
757  0
758  0
759  1
760  0
761  0
762  0
763  0
764  0
765  0
766  0
767  0
768  0
769  0
770  0
771  0
772  0
773  0
774  0
775  0
776  0
777  0
778  0
779  0
780  0
781  0
782  0
783  0
784  0
785  0
786  0
787  0
788  0
789  0
790  0
791  0
792  0
793  0
794  0
795  0
796  0
797  0
798  0
799  0
800  0
801  0
802  0
803  0
804  0
805  0
806  0
807  0
808  0
809  0
810  0
811  0
812  0
813  0
814  0
815  0
816  0
817  0
818  0
819  0
820  0
821  0
822  0
823  0
824  0
825  0
826  0
827  0
828  0
829  0
830  0
831  1
832  0
833  0
834  0
835  0
836  0
837  0
838  0
839  0
840  0
841  0
842  0
843  0
844  0
845  0
846  0
847  0
848  0
849  0
850  0
851  0
852  0
853  0
854  0
855  0
856  0
857  0
858  0
859  0
860  0
861  0
862  0
863  0
864  0
865  0
866  0
867  0
868  0
869  0
870  0
871  0
872  0
873  0
874  0
875  0
876  0
877  0
878  0
879  0
880  0
881  0
882  0
883  0
884  0
885  0
886  0
887  0
888  0
889  0
890  0
891  0
892  0
893  0
894  0
895  0
896  0
897  0
898  0
899  0
900  0
901  0
902  0
903  0
904  0
905  0
906  0
907  0
908  0
909  0
910  0
911  0
912  0
913  0
914  0
915  0
916  0
917  0
918  0
919  0
920  0
921  0
922  0
923  0
924  0
925  0
926  0
927  0
928  0
929  0
930  0
931  0
932  0
933  0
934  0
935  0
936  0
937  0
938  0
939  0
940  0
941  0
942  0
943  0
944  0
945  0
946  0
947  0
948  0
949  0
950  0
951  0
952  0
953  0
954  0
955  0
956  0
957  0
958  0
959  0
960  0
961  0
962  0
963  0
964  0
965  0
966  0
967  0
968  0
969  0
970  0
971  0
972  0
973  0
974  0
975  0
976  0
977  0
978  0
979  0
980  0
981  0
982  0
983  0
984  0
985  0
986  0
987  0
988  0
989  0
990  0
991  0
992  0
993  0
994  0
995  0
996  0
997  0
998  0
999  0
1000  0
1001  0
1002  0
1003  0
1004  0
1005  0
1006  0
1007  0
1008  0
1009  0
1010  0
1011  0
1012  0
1013  0
1014  0
1015  0
1016  0
1017  0
1018  0
1019  0
1020  0
1021  0
1022  0
1023  0
