0  2
1  0
2  0
3  0
4  0
5  0
6  0
7  0
8  0
9  0
10  0
11  0
12  0
13  0
14  0
15  0
16  0
17  0
18  0
19  0
20  0
21  0
22  0
23  0
24  0
25  0
26  0
27  0
28  0
29  0
30  0
31  0
32  0
33  0
34  0
35  0
36  0
37  0
38  0
39  0
40  0
41  0
42  0
43  0
44  0
45  0
46  0
47  0
48  0
49  0
50  0
51  0
52  0
53  0
54  0
55  0
56  0
57  0
58  0
59  0
60  0
61  0
62  0
63  0
64  0
65  0
66  0
67  0
68  0
69  0
70  0
71  0
72  0
73  0
74  0
75  0
76  0
77  0
78  0
79  0
80  0
81  0
82  0
83  1
84  0
85  0
86  0
87  0
88  0
89  0
90  0
91  0
92  0
93  0
94  0
95  0
96  0
97  0
98  1
99  0
100  0
101  0
102  0
103  0
104  0
105  2
106  1
107  5
108  6
109  14
110  26
111  35
112  45
113  52
114  56
115  42
116  50
117  39
118  33
119  40
120  38
121  55
122  51
123  42
124  72
125  57
126  45
127  49
128  48
129  50
130  51
131  44
132  38
133  48
134  54
135  56
136  42
137  47
138  37
139  41
140  59
141  61
142  47
143  54
144  35
145  44
146  40
147  51
148  44
149  38
150  38
151  48
152  41
153  45
154  34
155  37
156  39
157  49
158  25
159  37
160  46
161  29
162  31
163  29
164  42
165  37
166  27
167  41
168  40
169  36
170  35
171  39
172  40
173  33
174  37
175  27
176  32
177  27
178  41
179  41
180  36
181  42
182  38
183  49
184  43
185  37
186  36
187  36
188  40
189  32
190  21
191  29
192  31
193  27
194  28
195  23
196  35
197  29
198  31
199  28
200  25
201  15
202  19
203  29
204  19
205  25
206  18
207  23
208  22
209  19
210  11
211  12
212  9
213  14
214  17
215  21
216  23
217  15
218  14
219  16
220  12
221  19
222  10
223  18
224  13
225  9
226  8
227  14
228  16
229  14
230  16
231  23
232  14
233  16
234  22
235  14
236  10
237  21
238  19
239  17
240  19
241  17
242  14
243  24
244  31
245  37
246  38
247  43
248  47
249  51
250  47
251  46
252  65
253  52
254  57
255  77
256  76
257  89
258  82
259  100
260  126
261  111
262  123
263  130
264  142
265  153
266  163
267  133
268  181
269  176
270  205
271  165
272  192
273  186
274  210
275  197
276  221
277  231
278  224
279  218
280  203
281  213
282  231
283  209
284  211
285  244
286  210
287  200
288  219
289  224
290  222
291  199
292  206
293  187
294  179
295  151
296  176
297  195
298  151
299  156
300  161
301  160
302  143
303  128
304  127
305  138
306  111
307  117
308  93
309  101
310  76
311  94
312  77
313  68
314  77
315  67
316  71
317  68
318  51
319  45
320  59
321  55
322  48
323  41
324  35
325  39
326  30
327  33
328  35
329  23
330  26
331  22
332  14
333  24
334  12
335  20
336  12
337  14
338  13
339  9
340  5
341  9
342  4
343  5
344  8
345  3
346  5
347  8
348  8
349  5
350  6
351  1
352  2
353  4
354  3
355  3
356  1
357  0
358  2
359  5
360  2
361  1
362  2
363  2
364  1
365  2
366  1
367  4
368  4
369  1
370  0
371  1
372  0
373  1
374  0
375  1
376  3
377  1
378  0
379  0
380  1
381  1
382  1
383  3
384  1
385  2
386  0
387  1
388  0
389  0
390  0
391  0
392  0
393  1
394  0
395  0
396  0
397  2
398  0
399  1
400  0
401  1
402  0
403  0
404  1
405  0
406  0
407  1
408  0
409  0
410  1
411  0
412  0
413  0
414  1
415  1
416  0
417  0
418  0
419  0
420  0
421  0
422  0
423  0
424  1
425  0
426  0
427  0
428  0
429  0
430  0
431  1
432  0
433  0
434  0
435  0
436  0
437  0
438  2
439  0
440  0
441  0
442  1
443  2
444  0
445  0
446  0
447  0
448  0
449  2
450  0
451  0
452  0
453  1
454  0
455  0
456  0
457  0
458  0
459  1
460  2
461  0
462  0
463  1
464  0
465  0
466  0
467  0
468  0
469  0
470  0
471  0
472  0
473  0
474  0
475  0
476  0
477  0
478  0
479  0
480  1
481  0
482  0
483  0
484  0
485  0
486  1
487  1
488  0
489  1
490  0
491  0
492  0
493  0
494  0
495  0
496  0
497  0
498  0
499  1
500  1
501  0
502  0
503  0
504  0
505  1
506  1
507  0
508  0
509  0
510  0
511  0
512  0
513  0
514  0
515  0
516  0
517  0
518  0
519  0
520  0
521  0
522  0
523  0
524  0
525  0
526  1
527  0
528  0
529  1
530  0
531  0
532  1
533  0
534  0
535  0
536  0
537  0
538  0
539  0
540  0
541  0
542  0
543  0
544  0
545  2
546  0
547  0
548  0
549  0
550  0
551  0
552  0
553  0
554  0
555  0
556  0
557  0
558  0
559  0
560  0
561  0
562  0
563  0
564  0
565  0
566  0
567  0
568  0
569  2
570  0
571  0
572  1
573  0
574  0
575  0
576  0
577  0
578  0
579  0
580  0
581  0
582  0
583  0
584  1
585  1
586  0
587  0
588  0
589  0
590  0
591  0
592  0
593  0
594  0
595  0
596  0
597  0
598  0
599  0
600  0
601  0
602  0
603  0
604  1
605  0
606  0
607  1
608  0
609  0
610  0
611  0
612  0
613  0
614  2
615  0
616  1
617  0
618  0
619  0
620  0
621  1
622  0
623  0
624  1
625  0
626  0
627  0
628  0
629  0
630  0
631  0
632  0
633  0
634  0
635  0
636  0
637  0
638  0
639  1
640  1
641  0
642  0
643  0
644  0
645  0
646  0
647  0
648  0
649  0
650  0
651  0
652  1
653  0
654  0
655  1
656  1
657  0
658  0
659  0
660  1
661  0
662  0
663  1
664  1
665  0
666  1
667  0
668  0
669  1
670  0
671  0
672  0
673  0
674  0
675  1
676  0
677  0
678  0
679  0
680  0
681  1
682  0
683  1
684  0
685  0
686  0
687  0
688  0
689  0
690  0
691  1
692  0
693  0
694  0
695  0
696  1
697  1
698  0
699  0
700  0
701  0
702  0
703  0
704  0
705  0
706  0
707  1
708  0
709  0
710  0
711  0
712  0
713  1
714  0
715  0
716  0
717  0
718  0
719  0
720  0
721  0
722  0
723  0
724  2
725  0
726  0
727  1
728  0
729  0
730  0
731  0
732  0
733  0
734  1
735  0
736  1
737  0
738  0
739  0
740  0
741  0
742  0
743  0
744  0
745  0
746  0
747  1
748  0
749  0
750  0
751  0
752  0
753  1
754  0
755  0
756  1
757  0
758  0
759  0
760  0
761  0
762  0
763  0
764  0
765  0
766  0
767  0
768  0
769  1
770  0
771  0
772  1
773  1
774  1
775  0
776  0
777  0
778  1
779  0
780  0
781  0
782  0
783  0
784  0
785  0
786  1
787  0
788  0
789  0
790  0
791  0
792  0
793  0
794  0
795  0
796  0
797  0
798  0
799  0
800  0
801  0
802  0
803  0
804  0
805  0
806  1
807  0
808  0
809  0
810  0
811  1
812  0
813  1
814  1
815  0
816  0
817  2
818  0
819  0
820  0
821  0
822  0
823  0
824  0
825  1
826  1
827  0
828  1
829  0
830  0
831  0
832  1
833  0
834  1
835  0
836  2
837  1
838  2
839  5
840  0
841  0
842  0
843  0
844  0
845  0
846  0
847  0
848  0
849  0
850  0
851  0
852  0
853  0
854  0
855  0
856  0
857  0
858  0
859  0
860  0
861  0
862  0
863  0
864  0
865  0
866  0
867  0
868  0
869  0
870  0
871  0
872  0
873  0
874  0
875  0
876  0
877  0
878  0
879  0
880  0
881  0
882  0
883  0
884  0
885  0
886  0
887  0
888  0
889  0
890  0
891  0
892  0
893  0
894  0
895  0
896  0
897  0
898  0
899  0
900  0
901  0
902  0
903  0
904  0
905  0
906  0
907  0
908  0
909  0
910  0
911  0
912  0
913  0
914  0
915  0
916  0
917  0
918  0
919  0
920  0
921  0
922  0
923  0
924  0
925  0
926  0
927  0
928  0
929  0
930  0
931  0
932  0
933  0
934  0
935  0
936  0
937  0
938  0
939  0
940  0
941  0
942  0
943  0
944  0
945  0
946  0
947  0
948  0
949  0
950  0
951  0
952  0
953  0
954  0
955  0
956  0
957  0
958  0
959  0
960  0
961  0
962  0
963  0
964  0
965  0
966  0
967  0
968  0
969  0
970  0
971  0
972  0
973  0
974  0
975  0
976  0
977  0
978  0
979  0
980  0
981  0
982  0
983  0
984  0
985  0
986  0
987  0
988  0
989  0
990  0
991  0
992  0
993  0
994  0
995  0
996  0
997  0
998  0
999  0
1000  0
1001  0
1002  0
1003  0
1004  0
1005  0
1006  0
1007  0
1008  0
1009  0
1010  0
1011  0
1012  0
1013  0
1014  0
1015  0
1016  0
1017  0
1018  0
1019  0
1020  0
1021  0
1022  0
1023  0
