0  1
1  0
2  0
3  0
4  0
5  0
6  0
7  0
8  0
9  0
10  0
11  0
12  0
13  0
14  0
15  0
16  0
17  0
18  0
19  0
20  0
21  0
22  0
23  0
24  0
25  0
26  0
27  0
28  0
29  0
30  0
31  0
32  0
33  0
34  0
35  0
36  0
37  0
38  0
39  0
40  0
41  0
42  0
43  0
44  0
45  0
46  0
47  0
48  0
49  0
50  0
51  0
52  0
53  0
54  0
55  0
56  0
57  0
58  0
59  0
60  0
61  0
62  0
63  0
64  0
65  0
66  0
67  0
68  0
69  0
70  0
71  0
72  0
73  0
74  0
75  0
76  0
77  0
78  0
79  0
80  0
81  0
82  0
83  0
84  0
85  0
86  0
87  0
88  0
89  0
90  0
91  0
92  0
93  0
94  0
95  0
96  0
97  0
98  0
99  0
100  0
101  0
102  0
103  0
104  1
105  0
106  0
107  0
108  4
109  4
110  5
111  9
112  15
113  14
114  18
115  13
116  12
117  15
118  8
119  17
120  16
121  15
122  6
123  9
124  7
125  9
126  12
127  11
128  10
129  6
130  10
131  10
132  9
133  5
134  6
135  9
136  8
137  9
138  8
139  11
140  11
141  10
142  15
143  4
144  10
145  11
146  22
147  9
148  6
149  3
150  10
151  10
152  11
153  5
154  11
155  9
156  8
157  13
158  6
159  8
160  9
161  4
162  7
163  13
164  13
165  10
166  8
167  9
168  5
169  10
170  19
171  12
172  9
173  4
174  10
175  8
176  5
177  10
178  8
179  7
180  3
181  7
182  12
183  12
184  4
185  10
186  7
187  9
188  6
189  13
190  10
191  6
192  3
193  5
194  5
195  6
196  4
197  6
198  2
199  5
200  11
201  5
202  8
203  2
204  5
205  6
206  5
207  7
208  5
209  6
210  6
211  2
212  5
213  5
214  5
215  3
216  3
217  5
218  3
219  4
220  1
221  2
222  2
223  1
224  2
225  1
226  3
227  3
228  4
229  0
230  1
231  3
232  0
233  1
234  1
235  4
236  5
237  2
238  0
239  1
240  1
241  0
242  5
243  6
244  3
245  3
246  2
247  1
248  1
249  5
250  10
251  2
252  9
253  10
254  6
255  9
256  9
257  10
258  15
259  17
260  20
261  14
262  22
263  17
264  22
265  24
266  32
267  19
268  29
269  32
270  41
271  24
272  26
273  20
274  42
275  26
276  33
277  40
278  29
279  32
280  31
281  25
282  30
283  20
284  25
285  33
286  27
287  21
288  31
289  21
290  26
291  23
292  26
293  21
294  22
295  17
296  21
297  23
298  15
299  14
300  19
301  15
302  12
303  10
304  13
305  9
306  19
307  10
308  7
309  8
310  11
311  10
312  7
313  5
314  7
315  9
316  12
317  4
318  7
319  4
320  4
321  5
322  1
323  8
324  6
325  5
326  4
327  2
328  3
329  1
330  2
331  6
332  4
333  2
334  0
335  3
336  1
337  1
338  1
339  0
340  1
341  1
342  1
343  1
344  0
345  1
346  0
347  2
348  1
349  1
350  0
351  1
352  0
353  0
354  1
355  0
356  1
357  0
358  0
359  1
360  1
361  0
362  0
363  0
364  0
365  0
366  0
367  0
368  0
369  0
370  0
371  0
372  0
373  0
374  0
375  0
376  0
377  0
378  0
379  0
380  1
381  1
382  0
383  0
384  0
385  0
386  0
387  0
388  0
389  1
390  0
391  0
392  0
393  0
394  0
395  0
396  0
397  0
398  3
399  1
400  0
401  0
402  0
403  0
404  0
405  0
406  0
407  0
408  0
409  1
410  0
411  1
412  0
413  0
414  1
415  1
416  0
417  0
418  0
419  1
420  1
421  0
422  0
423  1
424  0
425  1
426  1
427  0
428  0
429  2
430  1
431  1
432  0
433  0
434  0
435  0
436  0
437  0
438  0
439  0
440  0
441  0
442  0
443  0
444  0
445  0
446  0
447  1
448  0
449  1
450  0
451  0
452  2
453  0
454  0
455  0
456  0
457  0
458  0
459  0
460  0
461  1
462  0
463  2
464  0
465  0
466  0
467  0
468  0
469  1
470  0
471  0
472  0
473  0
474  0
475  0
476  0
477  0
478  0
479  1
480  0
481  0
482  1
483  1
484  0
485  0
486  0
487  0
488  1
489  0
490  0
491  1
492  0
493  0
494  1
495  0
496  1
497  0
498  0
499  0
500  0
501  0
502  0
503  0
504  0
505  0
506  0
507  0
508  0
509  0
510  0
511  0
512  0
513  0
514  0
515  0
516  0
517  0
518  0
519  0
520  0
521  0
522  0
523  0
524  0
525  0
526  0
527  0
528  0
529  0
530  0
531  0
532  2
533  0
534  0
535  0
536  0
537  0
538  0
539  1
540  0
541  0
542  0
543  1
544  0
545  0
546  0
547  0
548  0
549  0
550  0
551  1
552  0
553  1
554  0
555  0
556  0
557  0
558  0
559  0
560  1
561  0
562  0
563  0
564  0
565  0
566  1
567  0
568  0
569  1
570  0
571  0
572  0
573  0
574  1
575  0
576  1
577  0
578  0
579  1
580  0
581  0
582  0
583  0
584  1
585  1
586  0
587  0
588  0
589  0
590  0
591  0
592  0
593  0
594  0
595  0
596  0
597  0
598  0
599  0
600  0
601  0
602  0
603  0
604  0
605  0
606  0
607  0
608  0
609  0
610  0
611  0
612  0
613  0
614  0
615  0
616  0
617  0
618  0
619  0
620  0
621  0
622  0
623  0
624  1
625  0
626  1
627  1
628  0
629  0
630  0
631  0
632  0
633  0
634  0
635  0
636  0
637  1
638  0
639  0
640  0
641  1
642  0
643  0
644  1
645  0
646  1
647  1
648  0
649  0
650  0
651  0
652  0
653  2
654  0
655  0
656  0
657  0
658  0
659  0
660  0
661  0
662  0
663  0
664  0
665  1
666  1
667  0
668  0
669  0
670  1
671  0
672  0
673  0
674  0
675  0
676  0
677  0
678  1
679  0
680  0
681  0
682  0
683  0
684  0
685  0
686  0
687  1
688  0
689  2
690  0
691  1
692  0
693  1
694  1
695  0
696  1
697  0
698  0
699  1
700  0
701  0
702  0
703  0
704  0
705  0
706  0
707  0
708  0
709  0
710  1
711  0
712  0
713  0
714  0
715  0
716  0
717  0
718  0
719  0
720  0
721  0
722  1
723  0
724  0
725  0
726  1
727  0
728  0
729  0
730  0
731  0
732  0
733  0
734  0
735  0
736  0
737  2
738  0
739  0
740  0
741  0
742  0
743  0
744  0
745  0
746  0
747  0
748  0
749  1
750  0
751  0
752  0
753  0
754  0
755  0
756  0
757  0
758  0
759  0
760  0
761  0
762  0
763  0
764  0
765  0
766  0
767  1
768  0
769  0
770  0
771  1
772  0
773  0
774  0
775  0
776  0
777  0
778  0
779  0
780  0
781  0
782  0
783  0
784  0
785  0
786  0
787  0
788  0
789  0
790  0
791  0
792  0
793  0
794  0
795  0
796  0
797  0
798  0
799  0
800  0
801  0
802  0
803  0
804  0
805  0
806  0
807  0
808  0
809  1
810  0
811  0
812  0
813  0
814  0
815  0
816  0
817  0
818  0
819  0
820  0
821  0
822  0
823  1
824  0
825  0
826  0
827  0
828  0
829  0
830  0
831  0
832  0
833  0
834  0
835  0
836  0
837  0
838  2
839  1
840  0
841  0
842  0
843  0
844  0
845  0
846  0
847  0
848  0
849  0
850  0
851  0
852  0
853  0
854  0
855  0
856  0
857  0
858  0
859  0
860  0
861  0
862  0
863  0
864  0
865  0
866  0
867  0
868  0
869  0
870  0
871  0
872  0
873  0
874  0
875  0
876  0
877  0
878  0
879  0
880  0
881  0
882  0
883  0
884  0
885  0
886  0
887  0
888  0
889  0
890  0
891  0
892  0
893  0
894  0
895  0
896  0
897  0
898  0
899  0
900  0
901  0
902  0
903  0
904  0
905  0
906  0
907  0
908  0
909  0
910  0
911  0
912  0
913  0
914  0
915  0
916  0
917  0
918  0
919  0
920  0
921  0
922  0
923  0
924  0
925  0
926  0
927  0
928  0
929  0
930  0
931  0
932  0
933  0
934  0
935  0
936  0
937  0
938  0
939  0
940  0
941  0
942  0
943  0
944  0
945  0
946  0
947  0
948  0
949  0
950  0
951  0
952  0
953  0
954  0
955  0
956  0
957  0
958  0
959  0
960  0
961  0
962  0
963  0
964  0
965  0
966  0
967  0
968  0
969  0
970  0
971  0
972  0
973  0
974  0
975  0
976  0
977  0
978  0
979  0
980  0
981  0
982  0
983  0
984  0
985  0
986  0
987  0
988  0
989  0
990  0
991  0
992  0
993  0
994  0
995  0
996  0
997  0
998  0
999  0
1000  0
1001  0
1002  0
1003  0
1004  0
1005  0
1006  0
1007  0
1008  0
1009  0
1010  0
1011  0
1012  0
1013  0
1014  0
1015  0
1016  0
1017  0
1018  0
1019  0
1020  0
1021  0
1022  0
1023  0
