0  1
1  0
2  0
3  0
4  0
5  0
6  0
7  0
8  0
9  0
10  0
11  0
12  0
13  0
14  0
15  0
16  0
17  0
18  0
19  0
20  0
21  0
22  0
23  0
24  0
25  0
26  0
27  0
28  0
29  0
30  0
31  0
32  0
33  0
34  0
35  0
36  0
37  0
38  0
39  0
40  0
41  0
42  0
43  0
44  0
45  0
46  0
47  0
48  0
49  0
50  0
51  0
52  0
53  0
54  0
55  0
56  0
57  0
58  1
59  0
60  0
61  0
62  0
63  0
64  0
65  0
66  0
67  0
68  0
69  0
70  0
71  0
72  0
73  0
74  0
75  0
76  0
77  0
78  0
79  0
80  0
81  0
82  0
83  0
84  0
85  0
86  0
87  0
88  0
89  0
90  0
91  0
92  0
93  0
94  0
95  0
96  0
97  0
98  1
99  0
100  0
101  0
102  0
103  0
104  0
105  1
106  0
107  1
108  4
109  8
110  19
111  37
112  28
113  41
114  37
115  33
116  38
117  48
118  45
119  32
120  43
121  28
122  41
123  37
124  34
125  34
126  48
127  32
128  39
129  32
130  33
131  37
132  41
133  32
134  31
135  32
136  38
137  29
138  38
139  38
140  35
141  33
142  27
143  35
144  33
145  37
146  39
147  30
148  36
149  25
150  24
151  33
152  31
153  38
154  30
155  26
156  26
157  37
158  27
159  24
160  28
161  34
162  39
163  30
164  31
165  30
166  21
167  27
168  28
169  41
170  25
171  36
172  38
173  33
174  28
175  33
176  19
177  34
178  27
179  32
180  31
181  30
182  28
183  21
184  26
185  29
186  32
187  35
188  27
189  27
190  20
191  18
192  37
193  20
194  22
195  25
196  28
197  27
198  21
199  21
200  23
201  21
202  13
203  18
204  14
205  12
206  26
207  19
208  17
209  15
210  9
211  17
212  18
213  11
214  23
215  13
216  8
217  12
218  10
219  10
220  16
221  11
222  15
223  11
224  8
225  4
226  8
227  9
228  13
229  10
230  13
231  7
232  13
233  11
234  7
235  7
236  12
237  10
238  7
239  22
240  13
241  12
242  15
243  27
244  23
245  20
246  17
247  36
248  26
249  27
250  26
251  31
252  50
253  49
254  45
255  57
256  61
257  51
258  64
259  78
260  65
261  73
262  87
263  69
264  100
265  103
266  108
267  102
268  125
269  89
270  113
271  109
272  144
273  116
274  122
275  152
276  128
277  158
278  142
279  148
280  163
281  172
282  178
283  155
284  154
285  172
286  139
287  136
288  159
289  125
290  166
291  139
292  142
293  120
294  150
295  137
296  129
297  133
298  129
299  115
300  118
301  107
302  115
303  100
304  99
305  96
306  63
307  71
308  66
309  89
310  77
311  73
312  67
313  63
314  63
315  49
316  36
317  49
318  38
319  34
320  46
321  46
322  31
323  21
324  20
325  28
326  31
327  19
328  16
329  24
330  18
331  21
332  13
333  14
334  14
335  18
336  8
337  15
338  9
339  12
340  11
341  10
342  5
343  5
344  7
345  6
346  8
347  3
348  1
349  4
350  4
351  4
352  3
353  3
354  4
355  1
356  1
357  0
358  0
359  3
360  3
361  3
362  1
363  1
364  1
365  0
366  0
367  0
368  1
369  0
370  0
371  1
372  0
373  0
374  1
375  3
376  1
377  0
378  1
379  1
380  0
381  0
382  1
383  1
384  0
385  0
386  0
387  0
388  2
389  0
390  0
391  1
392  0
393  2
394  0
395  0
396  1
397  1
398  0
399  1
400  1
401  0
402  0
403  0
404  0
405  2
406  0
407  0
408  0
409  0
410  1
411  0
412  0
413  0
414  0
415  0
416  1
417  0
418  0
419  0
420  0
421  0
422  1
423  1
424  0
425  0
426  0
427  0
428  0
429  0
430  1
431  0
432  0
433  0
434  0
435  0
436  1
437  0
438  0
439  0
440  0
441  0
442  0
443  1
444  0
445  0
446  0
447  0
448  0
449  0
450  1
451  0
452  0
453  0
454  0
455  0
456  0
457  2
458  0
459  0
460  1
461  0
462  1
463  0
464  0
465  0
466  1
467  0
468  0
469  0
470  0
471  0
472  0
473  0
474  1
475  1
476  0
477  1
478  0
479  0
480  0
481  0
482  0
483  0
484  0
485  0
486  1
487  0
488  0
489  0
490  0
491  1
492  0
493  0
494  0
495  0
496  0
497  0
498  0
499  0
500  1
501  0
502  0
503  0
504  0
505  0
506  0
507  0
508  0
509  0
510  0
511  0
512  0
513  0
514  1
515  0
516  0
517  0
518  0
519  0
520  0
521  0
522  0
523  0
524  0
525  0
526  0
527  0
528  0
529  0
530  0
531  0
532  0
533  0
534  1
535  0
536  1
537  0
538  0
539  0
540  0
541  0
542  0
543  0
544  1
545  0
546  0
547  0
548  0
549  0
550  0
551  1
552  0
553  0
554  0
555  0
556  0
557  0
558  0
559  0
560  0
561  0
562  0
563  0
564  0
565  0
566  0
567  0
568  0
569  0
570  0
571  0
572  0
573  0
574  0
575  0
576  0
577  0
578  0
579  1
580  0
581  0
582  0
583  0
584  0
585  0
586  0
587  0
588  1
589  1
590  1
591  1
592  0
593  0
594  0
595  1
596  0
597  1
598  1
599  0
600  1
601  0
602  0
603  0
604  1
605  0
606  0
607  1
608  0
609  0
610  0
611  0
612  0
613  0
614  0
615  1
616  0
617  1
618  1
619  0
620  1
621  0
622  0
623  0
624  1
625  0
626  0
627  0
628  0
629  0
630  1
631  0
632  0
633  0
634  0
635  0
636  0
637  1
638  1
639  0
640  0
641  1
642  0
643  0
644  0
645  0
646  0
647  0
648  0
649  0
650  2
651  1
652  0
653  0
654  0
655  0
656  0
657  0
658  0
659  0
660  0
661  0
662  0
663  1
664  0
665  0
666  1
667  0
668  0
669  0
670  0
671  0
672  1
673  0
674  0
675  2
676  0
677  1
678  0
679  1
680  0
681  1
682  0
683  0
684  1
685  0
686  0
687  0
688  0
689  0
690  0
691  1
692  0
693  0
694  0
695  0
696  1
697  0
698  0
699  0
700  0
701  0
702  0
703  0
704  0
705  0
706  0
707  0
708  0
709  0
710  0
711  1
712  0
713  0
714  0
715  0
716  0
717  0
718  1
719  0
720  0
721  0
722  0
723  0
724  0
725  0
726  0
727  0
728  1
729  1
730  0
731  0
732  0
733  0
734  1
735  0
736  0
737  0
738  0
739  0
740  0
741  0
742  0
743  0
744  0
745  0
746  0
747  0
748  0
749  0
750  0
751  0
752  0
753  0
754  0
755  0
756  0
757  0
758  0
759  0
760  1
761  0
762  0
763  0
764  0
765  0
766  0
767  0
768  0
769  1
770  1
771  0
772  0
773  0
774  0
775  0
776  0
777  0
778  0
779  0
780  0
781  1
782  0
783  0
784  0
785  0
786  0
787  0
788  0
789  0
790  0
791  0
792  0
793  0
794  0
795  0
796  1
797  0
798  0
799  0
800  0
801  0
802  0
803  0
804  1
805  0
806  0
807  0
808  0
809  0
810  0
811  0
812  0
813  0
814  0
815  0
816  0
817  0
818  0
819  0
820  0
821  0
822  0
823  0
824  0
825  0
826  0
827  2
828  0
829  0
830  0
831  0
832  0
833  0
834  0
835  0
836  1
837  1
838  1
839  3
840  0
841  0
842  0
843  0
844  0
845  0
846  0
847  0
848  0
849  0
850  0
851  0
852  0
853  0
854  0
855  0
856  0
857  0
858  0
859  0
860  0
861  0
862  0
863  0
864  0
865  0
866  0
867  0
868  0
869  0
870  0
871  0
872  0
873  0
874  0
875  0
876  0
877  0
878  0
879  0
880  0
881  0
882  0
883  0
884  0
885  0
886  0
887  0
888  0
889  0
890  0
891  0
892  0
893  0
894  0
895  0
896  0
897  0
898  0
899  0
900  0
901  0
902  0
903  0
904  0
905  0
906  0
907  0
908  0
909  0
910  0
911  0
912  0
913  0
914  0
915  0
916  0
917  0
918  0
919  0
920  0
921  0
922  0
923  0
924  0
925  0
926  0
927  0
928  0
929  0
930  0
931  0
932  0
933  0
934  0
935  0
936  0
937  0
938  0
939  0
940  0
941  0
942  0
943  0
944  0
945  0
946  0
947  0
948  0
949  0
950  0
951  0
952  0
953  0
954  0
955  0
956  0
957  0
958  0
959  0
960  0
961  0
962  0
963  0
964  0
965  0
966  0
967  0
968  0
969  0
970  0
971  0
972  0
973  0
974  0
975  0
976  0
977  0
978  0
979  0
980  0
981  0
982  0
983  0
984  0
985  0
986  0
987  0
988  0
989  0
990  0
991  0
992  0
993  0
994  0
995  0
996  0
997  0
998  0
999  0
1000  0
1001  0
1002  0
1003  0
1004  0
1005  0
1006  0
1007  0
1008  0
1009  0
1010  0
1011  0
1012  0
1013  0
1014  0
1015  0
1016  0
1017  0
1018  0
1019  0
1020  0
1021  0
1022  0
1023  0
