0  275
1  3
2  3
3  4
4  4
5  8
6  1934
7  18057
8  15078
9  11919
10  9368
11  7686
12  5901
13  4374
14  3637
15  4507
16  9908
17  14555
18  11652
19  6440
20  3292
21  1949
22  1481
23  1375
24  1244
25  1354
26  1355
27  1350
28  1400
29  1447
30  1361
31  1285
32  1388
33  1209
34  1110
35  922
36  831
37  800
38  988
39  1496
40  2025
41  2316
42  1930
43  1428
44  1000
45  644
46  404
47  271
48  216
49  138
50  94
51  101
52  889
53  0
54  0
55  0
56  0
57  0
58  0
59  0
60  1
61  0
62  0
63  10
64  0
65  0
66  0
67  0
68  0
69  0
70  26
71  234
72  202
73  164
74  160
75  111
76  90
77  51
78  51
79  98
80  225
81  377
82  338
83  169
84  68
85  31
86  17
87  8
88  17
89  11
90  13
91  13
92  13
93  13
94  10
95  11
96  16
97  18
98  9
99  6
100  4
101  8
102  10
103  9
104  16
105  20
106  21
107  14
108  13
109  7
110  6
111  1
112  1
113  2
114  0
115  0
116  11
117  0
118  0
119  0
120  0
121  0
122  0
123  0
124  0
125  0
126  0
127  0
128  2
129  0
130  0
131  0
132  0
133  0
134  14
135  93
136  80
137  72
138  76
139  48
140  52
141  31
142  29
143  58
144  167
145  288
146  227
147  130
148  52
149  16
150  2
151  4
152  2
153  1
154  4
155  3
156  2
157  2
158  3
159  4
160  1
161  4
162  0
163  0
164  0
165  0
166  3
167  3
168  1
169  2
170  2
171  1
172  1
173  0
174  0
175  0
176  1
177  1
178  1
179  0
180  3
181  0
182  0
183  0
184  0
185  0
186  0
187  0
188  0
189  0
190  0
191  0
192  6
193  0
194  0
195  0
196  0
197  0
198  13
199  80
200  59
201  62
202  52
203  41
204  46
205  18
206  23
207  50
208  166
209  274
210  236
211  112
212  42
213  12
214  5
215  1
216  3
217  1
218  2
219  1
220  1
221  2
222  1
223  2
224  0
225  2
226  2
227  2
228  0
229  3
230  2
231  4
232  2
233  5
234  0
235  1
236  2
237  1
238  0
239  0
240  0
241  0
242  0
243  0
244  2
245  0
246  0
247  0
248  0
249  0
250  0
251  0
252  0
253  0
254  0
255  0
256  6
257  0
258  0
259  0
260  0
261  0
262  6
263  59
264  74
265  66
266  45
267  47
268  36
269  31
270  21
271  42
272  159
273  243
274  238
275  113
276  50
277  13
278  6
279  3
280  0
281  1
282  0
283  2
284  3
285  1
286  0
287  0
288  0
289  1
290  0
291  0
292  0
293  0
294  0
295  1
296  2
297  2
298  1
299  2
300  0
301  0
302  0
303  1
304  0
305  2
306  0
307  1
308  2
309  0
310  0
311  0
312  0
313  0
314  0
315  0
316  0
317  0
318  0
319  0
320  2
321  0
322  0
323  0
324  0
325  0
326  15
327  91
328  87
329  76
330  74
331  79
332  49
333  28
334  26
335  63
336  185
337  292
338  260
339  148
340  41
341  14
342  8
343  3
344  3
345  1
346  0
347  1
348  0
349  2
350  1
351  0
352  2
353  1
354  0
355  4
356  1
357  1
358  3
359  1
360  2
361  3
362  1
363  0
364  0
365  0
366  1
367  0
368  0
369  0
370  1
371  0
372  0
373  0
374  0
375  0
376  0
377  0
378  0
379  0
380  0
381  0
382  0
383  0
384  4
385  11
386  0
387  0
388  0
389  0
390  13
391  90
392  76
393  56
394  65
395  70
396  51
397  27
398  28
399  53
400  201
401  314
402  238
403  134
404  57
405  16
406  8
407  1
408  2
409  1
410  1
411  0
412  2
413  3
414  3
415  3
416  4
417  2
418  2
419  1
420  1
421  3
422  0
423  2
424  5
425  3
426  3
427  2
428  1
429  0
430  0
431  0
432  0
433  0
434  0
435  0
436  1
437  0
438  0
439  0
440  0
441  0
442  0
443  0
444  0
445  0
446  0
447  0
448  1452
449  27
450  9
451  13
452  18
453  11
454  12
455  75
456  68
457  59
458  66
459  50
460  38
461  25
462  21
463  45
464  158
465  264
466  217
467  109
468  41
469  12
470  5
471  3
472  2
473  0
474  0
475  2
476  2
477  0
478  0
479  1
480  1
481  2
482  1
483  5
484  0
485  5
486  1
487  2
488  0
489  0
490  2
491  0
492  1
493  0
494  0
495  0
496  0
497  0
498  0
499  0
500  1
501  0
502  0
503  0
504  0
505  0
506  0
507  0
508  0
509  0
510  0
511  0
512  6369
513  61
514  66
515  55
516  62
517  67
518  14
519  48
520  61
521  56
522  45
523  55
524  22
525  12
526  25
527  39
528  136
529  231
530  222
531  108
532  36
533  16
534  4
535  2
536  4
537  1
538  1
539  0
540  0
541  1
542  0
543  1
544  0
545  2
546  1
547  2
548  2
549  1
550  1
551  0
552  0
553  1
554  1
555  1
556  0
557  0
558  0
559  1
560  0
561  1
562  0
563  0
564  2
565  0
566  0
567  0
568  0
569  0
570  0
571  0
572  0
573  0
574  0
575  0
576  5003
577  77
578  71
579  68
580  66
581  76
582  19
583  67
584  48
585  48
586  38
587  39
588  34
589  20
590  16
591  47
592  138
593  224
594  186
595  80
596  36
597  6
598  2
599  1
600  3
601  1
602  0
603  2
604  0
605  0
606  1
607  1
608  0
609  1
610  0
611  2
612  0
613  0
614  0
615  0
616  3
617  1
618  0
619  2
620  1
621  0
622  0
623  0
624  1
625  0
626  1
627  0
628  0
629  0
630  0
631  0
632  0
633  0
634  0
635  0
636  0
637  0
638  0
639  0
640  4053
641  63
642  46
643  42
644  50
645  58
646  10
647  57
648  53
649  36
650  46
651  50
652  35
653  16
654  21
655  50
656  136
657  208
658  193
659  106
660  33
661  8
662  5
663  3
664  6
665  1
666  1
667  0
668  1
669  0
670  0
671  1
672  0
673  1
674  0
675  0
676  0
677  0
678  0
679  0
680  1
681  2
682  1
683  1
684  1
685  0
686  0
687  0
688  0
689  0
690  0
691  0
692  0
693  0
694  0
695  0
696  0
697  0
698  0
699  0
700  0
701  0
702  0
703  0
704  2649
705  34
706  34
707  36
708  31
709  34
710  5
711  32
712  31
713  24
714  19
715  31
716  19
717  7
718  6
719  29
720  72
721  128
722  99
723  56
724  16
725  4
726  2
727  3
728  0
729  2
730  1
731  0
732  0
733  0
734  0
735  0
736  1
737  3
738  1
739  0
740  0
741  0
742  0
743  0
744  1
745  0
746  0
747  0
748  0
749  0
750  0
751  0
752  0
753  0
754  0
755  0
756  2
757  0
758  0
759  0
760  0
761  0
762  0
763  0
764  0
765  0
766  0
767  0
768  1829
769  16
770  21
771  22
772  28
773  18
774  4
775  25
776  13
777  12
778  16
779  11
780  5
781  7
782  2
783  8
784  31
785  63
786  44
787  35
788  8
789  5
790  0
791  0
792  0
793  0
794  1
795  0
796  0
797  1
798  0
799  0
800  0
801  0
802  0
803  0
804  0
805  0
806  1
807  0
808  0
809  0
810  1
811  0
812  0
813  0
814  0
815  0
816  0
817  0
818  0
819  0
820  0
821  0
822  0
823  0
824  0
825  0
826  0
827  0
828  0
829  0
830  0
831  0
832  1890
833  18
834  27
835  15
836  26
837  25
838  6
839  23
840  14
841  11
842  20
843  15
844  11
845  7
846  12
847  17
848  46
849  83
850  70
851  32
852  9
853  5
854  2
855  1
856  2
857  1
858  0
859  0
860  1
861  0
862  0
863  0
864  0
865  0
866  0
867  0
868  0
869  1
870  0
871  0
872  0
873  0
874  0
875  0
876  0
877  0
878  0
879  0
880  1
881  1
882  0
883  0
884  1
885  0
886  0
887  0
888  0
889  0
890  0
891  0
892  0
893  0
894  0
895  0
896  2505
897  61
898  61
899  73
900  51
901  70
902  13
903  41
904  35
905  31
906  38
907  24
908  27
909  11
910  23
911  42
912  98
913  191
914  158
915  72
916  38
917  9
918  2
919  3
920  2
921  2
922  0
923  0
924  0
925  0
926  0
927  0
928  0
929  0
930  0
931  0
932  2
933  0
934  1
935  0
936  1
937  1
938  0
939  0
940  1
941  0
942  0
943  0
944  0
945  0
946  0
947  0
948  1
949  0
950  0
951  0
952  0
953  0
954  0
955  0
956  1
957  0
958  0
959  0
960  5413
961  216
962  191
963  194
964  197
965  219
966  50
967  155
968  143
969  131
970  119
971  114
972  93
973  59
974  38
975  119
976  366
977  621
978  588
979  241
980  85
981  29
982  8
983  3
984  3
985  2
986  2
987  0
988  2
989  0
990  2
991  0
992  0
993  1
994  0
995  0
996  0
997  0
998  1
999  2
1000  1
1001  1
1002  2
1003  1
1004  0
1005  0
1006  0
1007  1
1008  0
1009  0
1010  0
1011  3
1012  2
1013  0
1014  0
1015  0
1016  0
1017  0
1018  0
1019  0
1020  0
1021  0
1022  1
1023  0
1024  6307
1025  216
1026  211
1027  259
1028  274
1029  274
1030  59
1031  246
1032  244
1033  218
1034  207
1035  191
1036  138
1037  93
1038  63
1039  200
1040  605
1041  989
1042  855
1043  453
1044  171
1045  46
1046  9
1047  3
1048  2
1049  2
1050  0
1051  3
1052  3
1053  5
1054  0
1055  1
1056  1
1057  0
1058  0
1059  0
1060  3
1061  2
1062  1
1063  2
1064  0
1065  0
1066  3
1067  1
1068  1
1069  2
1070  0
1071  0
1072  3
1073  0
1074  0
1075  0
1076  3
1077  0
1078  0
1079  0
1080  0
1081  0
1082  0
1083  0
1084  1
1085  0
1086  1
1087  0
1088  2206
1089  71
1090  69
1091  68
1092  57
1093  70
1094  21
1095  100
1096  91
1097  93
1098  98
1099  76
1100  66
1101  41
1102  27
1103  78
1104  226
1105  401
1106  336
1107  187
1108  66
1109  20
1110  6
1111  1
1112  0
1113  1
1114  0
1115  1
1116  0
1117  0
1118  0
1119  0
1120  0
1121  1
1122  1
1123  0
1124  2
1125  3
1126  0
1127  0
1128  2
1129  0
1130  1
1131  0
1132  0
1133  1
1134  0
1135  0
1136  0
1137  0
1138  1
1139  0
1140  1
1141  0
1142  0
1143  0
1144  0
1145  0
1146  0
1147  0
1148  0
1149  1
1150  0
1151  0
1152  833
1153  7
1154  3
1155  3
1156  4
1157  4
1158  4
1159  7
1160  8
1161  5
1162  5
1163  6
1164  8
1165  2
1166  4
1167  8
1168  24
1169  27
1170  32
1171  17
1172  6
1173  1
1174  0
1175  0
1176  0
1177  0
1178  2
1179  0
1180  0
1181  0
1182  1
1183  0
1184  0
1185  0
1186  1
1187  0
1188  0
1189  0
1190  0
1191  0
1192  0
1193  0
1194  0
1195  0
1196  0
1197  0
1198  0
1199  0
1200  0
1201  0
1202  0
1203  0
1204  0
1205  0
1206  0
1207  0
1208  0
1209  0
1210  0
1211  0
1212  0
1213  0
1214  0
1215  0
1216  724
1217  2
1218  1
1219  2
1220  0
1221  1
1222  0
1223  1
1224  3
1225  1
1226  2
1227  1
1228  0
1229  0
1230  0
1231  1
1232  4
1233  6
1234  1
1235  2
1236  0
1237  0
1238  0
1239  0
1240  0
1241  0
1242  0
1243  0
1244  0
1245  0
1246  0
1247  0
1248  0
1249  0
1250  0
1251  0
1252  0
1253  0
1254  0
1255  0
1256  0
1257  0
1258  0
1259  0
1260  0
1261  0
1262  0
1263  0
1264  0
1265  0
1266  0
1267  0
1268  0
1269  0
1270  0
1271  0
1272  0
1273  0
1274  0
1275  0
1276  0
1277  0
1278  0
1279  0
1280  720
1281  5
1282  1
1283  2
1284  0
1285  0
1286  0
1287  1
1288  0
1289  0
1290  1
1291  3
1292  1
1293  0
1294  0
1295  1
1296  1
1297  4
1298  1
1299  0
1300  1
1301  0
1302  0
1303  0
1304  0
1305  0
1306  0
1307  0
1308  0
1309  0
1310  0
1311  0
1312  0
1313  0
1314  0
1315  0
1316  0
1317  0
1318  0
1319  0
1320  0
1321  0
1322  0
1323  0
1324  0
1325  0
1326  0
1327  0
1328  0
1329  0
1330  0
1331  0
1332  0
1333  0
1334  0
1335  0
1336  0
1337  0
1338  0
1339  0
1340  0
1341  0
1342  0
1343  0
1344  705
1345  2
1346  1
1347  0
1348  0
1349  0
1350  1
1351  2
1352  0
1353  0
1354  0
1355  0
1356  0
1357  1
1358  0
1359  1
1360  2
1361  1
1362  1
1363  0
1364  1
1365  0
1366  0
1367  0
1368  0
1369  0
1370  0
1371  0
1372  0
1373  0
1374  0
1375  0
1376  0
1377  0
1378  0
1379  0
1380  0
1381  0
1382  0
1383  0
1384  0
1385  0
1386  0
1387  0
1388  0
1389  0
1390  0
1391  0
1392  0
1393  0
1394  0
1395  0
1396  0
1397  0
1398  0
1399  0
1400  0
1401  0
1402  0
1403  0
1404  0
1405  0
1406  0
1407  0
1408  702
1409  1
1410  0
1411  0
1412  0
1413  3
1414  0
1415  1
1416  2
1417  2
1418  0
1419  0
1420  2
1421  0
1422  0
1423  0
1424  1
1425  4
1426  0
1427  1
1428  0
1429  1
1430  0
1431  0
1432  0
1433  0
1434  0
1435  0
1436  0
1437  0
1438  0
1439  0
1440  0
1441  0
1442  0
1443  0
1444  0
1445  0
1446  0
1447  0
1448  0
1449  0
1450  0
1451  0
1452  0
1453  0
1454  0
1455  0
1456  0
1457  0
1458  0
1459  0
1460  0
1461  0
1462  0
1463  0
1464  0
1465  0
1466  0
1467  0
1468  0
1469  0
1470  0
1471  0
1472  675
1473  5
1474  2
1475  3
1476  0
1477  1
1478  0
1479  0
1480  1
1481  0
1482  0
1483  0
1484  2
1485  1
1486  0
1487  1
1488  0
1489  0
1490  0
1491  0
1492  0
1493  0
1494  0
1495  0
1496  0
1497  0
1498  0
1499  0
1500  0
1501  0
1502  0
1503  0
1504  0
1505  0
1506  0
1507  0
1508  0
1509  0
1510  0
1511  0
1512  0
1513  0
1514  0
1515  0
1516  0
1517  0
1518  0
1519  0
1520  0
1521  0
1522  0
1523  0
1524  0
1525  0
1526  0
1527  0
1528  0
1529  0
1530  0
1531  0
1532  0
1533  0
1534  0
1535  0
1536  743
1537  3
1538  1
1539  0
1540  2
1541  0
1542  0
1543  3
1544  0
1545  0
1546  0
1547  1
1548  0
1549  0
1550  1
1551  0
1552  1
1553  5
1554  2
1555  0
1556  0
1557  0
1558  0
1559  0
1560  0
1561  0
1562  0
1563  0
1564  0
1565  0
1566  0
1567  0
1568  0
1569  0
1570  0
1571  0
1572  0
1573  0
1574  0
1575  0
1576  0
1577  0
1578  0
1579  0
1580  0
1581  0
1582  0
1583  0
1584  0
1585  0
1586  0
1587  0
1588  0
1589  0
1590  0
1591  0
1592  0
1593  0
1594  0
1595  0
1596  0
1597  0
1598  0
1599  0
1600  739
1601  3
1602  1
1603  2
1604  1
1605  1
1606  2
1607  1
1608  0
1609  0
1610  0
1611  1
1612  0
1613  0
1614  1
1615  0
1616  1
1617  1
1618  1
1619  2
1620  2
1621  0
1622  0
1623  0
1624  0
1625  0
1626  0
1627  0
1628  0
1629  0
1630  0
1631  0
1632  0
1633  0
1634  0
1635  0
1636  0
1637  0
1638  0
1639  0
1640  0
1641  0
1642  0
1643  0
1644  0
1645  0
1646  0
1647  0
1648  0
1649  0
1650  0
1651  0
1652  0
1653  0
1654  0
1655  0
1656  0
1657  0
1658  0
1659  0
1660  0
1661  0
1662  0
1663  0
1664  671
1665  4
1666  0
1667  1
1668  1
1669  2
1670  1
1671  1
1672  1
1673  1
1674  2
1675  2
1676  0
1677  0
1678  0
1679  0
1680  2
1681  3
1682  0
1683  0
1684  0
1685  0
1686  0
1687  0
1688  0
1689  0
1690  0
1691  0
1692  0
1693  0
1694  0
1695  0
1696  1
1697  0
1698  0
1699  0
1700  0
1701  0
1702  0
1703  0
1704  0
1705  0
1706  0
1707  0
1708  0
1709  0
1710  0
1711  0
1712  0
1713  0
1714  0
1715  0
1716  0
1717  0
1718  0
1719  0
1720  0
1721  0
1722  0
1723  0
1724  0
1725  0
1726  0
1727  0
1728  715
1729  2
1730  0
1731  0
1732  1
1733  0
1734  1
1735  0
1736  3
1737  2
1738  1
1739  1
1740  1
1741  0
1742  0
1743  0
1744  0
1745  2
1746  0
1747  1
1748  0
1749  0
1750  0
1751  1
1752  0
1753  0
1754  0
1755  0
1756  0
1757  0
1758  0
1759  0
1760  0
1761  0
1762  0
1763  0
1764  0
1765  0
1766  0
1767  0
1768  0
1769  0
1770  0
1771  0
1772  0
1773  0
1774  0
1775  0
1776  0
1777  0
1778  0
1779  0
1780  0
1781  0
1782  0
1783  0
1784  0
1785  0
1786  0
1787  0
1788  0
1789  0
1790  0
1791  0
1792  688
1793  5
1794  1
1795  0
1796  1
1797  1
1798  0
1799  1
1800  1
1801  0
1802  0
1803  2
1804  1
1805  0
1806  0
1807  1
1808  0
1809  2
1810  4
1811  0
1812  0
1813  0
1814  0
1815  0
1816  0
1817  0
1818  0
1819  0
1820  0
1821  1
1822  0
1823  0
1824  0
1825  0
1826  0
1827  0
1828  0
1829  0
1830  0
1831  0
1832  0
1833  0
1834  0
1835  0
1836  0
1837  0
1838  0
1839  0
1840  0
1841  0
1842  0
1843  0
1844  0
1845  0
1846  0
1847  0
1848  0
1849  0
1850  0
1851  0
1852  0
1853  0
1854  1
1855  0
1856  771
1857  1
1858  1
1859  1
1860  1
1861  0
1862  0
1863  4
1864  4
1865  0
1866  1
1867  0
1868  0
1869  0
1870  0
1871  0
1872  1
1873  1
1874  1
1875  1
1876  1
1877  0
1878  0
1879  0
1880  0
1881  0
1882  0
1883  0
1884  0
1885  0
1886  0
1887  0
1888  1
1889  0
1890  0
1891  0
1892  0
1893  0
1894  0
1895  0
1896  0
1897  0
1898  0
1899  0
1900  0
1901  0
1902  0
1903  0
1904  0
1905  0
1906  0
1907  0
1908  0
1909  0
1910  0
1911  0
1912  0
1913  0
1914  0
1915  0
1916  0
1917  0
1918  0
1919  0
1920  786
1921  2
1922  2
1923  1
1924  0
1925  1
1926  0
1927  0
1928  2
1929  0
1930  0
1931  1
1932  0
1933  0
1934  1
1935  0
1936  1
1937  2
1938  1
1939  1
1940  0
1941  0
1942  0
1943  0
1944  0
1945  0
1946  0
1947  0
1948  0
1949  0
1950  1
1951  0
1952  0
1953  0
1954  0
1955  0
1956  0
1957  0
1958  0
1959  0
1960  0
1961  0
1962  0
1963  0
1964  0
1965  0
1966  0
1967  0
1968  0
1969  0
1970  0
1971  0
1972  0
1973  0
1974  0
1975  0
1976  0
1977  0
1978  0
1979  0
1980  0
1981  1
1982  0
1983  0
1984  706
1985  3
1986  2
1987  1
1988  3
1989  0
1990  0
1991  0
1992  2
1993  1
1994  0
1995  0
1996  0
1997  1
1998  0
1999  1
2000  3
2001  5
2002  2
2003  0
2004  1
2005  0
2006  0
2007  0
2008  0
2009  0
2010  0
2011  0
2012  0
2013  0
2014  0
2015  2
2016  0
2017  0
2018  0
2019  0
2020  0
2021  0
2022  0
2023  0
2024  0
2025  0
2026  0
2027  0
2028  0
2029  0
2030  0
2031  0
2032  0
2033  0
2034  0
2035  0
2036  0
2037  0
2038  0
2039  0
2040  0
2041  0
2042  0
2043  0
2044  0
2045  0
2046  0
2047  0
2048  508
2049  2
2050  0
2051  1
2052  1
2053  0
2054  1
2055  0
2056  1
2057  0
2058  2
2059  0
2060  2
2061  1
2062  0
2063  0
2064  0
2065  2
2066  0
2067  3
2068  1
2069  0
2070  0
2071  0
2072  0
2073  0
2074  0
2075  0
2076  0
2077  0
2078  0
2079  0
2080  0
2081  0
2082  0
2083  0
2084  0
2085  0
2086  0
2087  0
2088  0
2089  0
2090  0
2091  0
2092  0
2093  0
2094  0
2095  0
2096  0
2097  0
2098  0
2099  0
2100  0
2101  0
2102  0
2103  0
2104  0
2105  0
2106  0
2107  0
2108  0
2109  0
2110  0
2111  0
2112  352
2113  1
2114  0
2115  1
2116  1
2117  2
2118  0
2119  0
2120  0
2121  0
2122  1
2123  1
2124  0
2125  0
2126  0
2127  0
2128  0
2129  1
2130  0
2131  0
2132  1
2133  0
2134  0
2135  0
2136  0
2137  0
2138  0
2139  0
2140  0
2141  0
2142  0
2143  0
2144  0
2145  0
2146  0
2147  0
2148  0
2149  0
2150  0
2151  0
2152  0
2153  0
2154  0
2155  0
2156  0
2157  0
2158  0
2159  0
2160  0
2161  0
2162  0
2163  0
2164  0
2165  0
2166  0
2167  0
2168  0
2169  0
2170  0
2171  0
2172  0
2173  0
2174  0
2175  0
2176  265
2177  1
2178  0
2179  1
2180  2
2181  0
2182  0
2183  0
2184  1
2185  1
2186  0
2187  0
2188  1
2189  0
2190  0
2191  1
2192  2
2193  0
2194  0
2195  0
2196  0
2197  0
2198  0
2199  0
2200  0
2201  0
2202  0
2203  0
2204  0
2205  0
2206  0
2207  0
2208  0
2209  0
2210  0
2211  0
2212  0
2213  0
2214  0
2215  0
2216  0
2217  0
2218  0
2219  0
2220  0
2221  0
2222  0
2223  0
2224  0
2225  0
2226  0
2227  0
2228  0
2229  0
2230  0
2231  0
2232  0
2233  0
2234  0
2235  0
2236  0
2237  0
2238  0
2239  0
2240  363
2241  2
2242  1
2243  0
2244  2
2245  0
2246  0
2247  0
2248  0
2249  0
2250  1
2251  1
2252  0
2253  0
2254  0
2255  0
2256  0
2257  0
2258  3
2259  0
2260  0
2261  0
2262  0
2263  0
2264  0
2265  0
2266  0
2267  0
2268  0
2269  0
2270  0
2271  0
2272  0
2273  0
2274  0
2275  0
2276  0
2277  0
2278  0
2279  0
2280  0
2281  0
2282  0
2283  0
2284  0
2285  0
2286  0
2287  0
2288  0
2289  0
2290  0
2291  0
2292  0
2293  0
2294  0
2295  0
2296  0
2297  0
2298  0
2299  0
2300  0
2301  0
2302  0
2303  0
2304  569
2305  1
2306  1
2307  0
2308  1
2309  0
2310  0
2311  2
2312  1
2313  0
2314  0
2315  0
2316  0
2317  0
2318  0
2319  0
2320  1
2321  0
2322  0
2323  1
2324  0
2325  0
2326  0
2327  0
2328  0
2329  0
2330  0
2331  0
2332  0
2333  0
2334  0
2335  0
2336  0
2337  0
2338  0
2339  0
2340  0
2341  0
2342  0
2343  0
2344  0
2345  0
2346  0
2347  0
2348  0
2349  0
2350  0
2351  0
2352  0
2353  0
2354  0
2355  0
2356  0
2357  0
2358  0
2359  0
2360  0
2361  0
2362  0
2363  0
2364  0
2365  0
2366  0
2367  0
2368  967
2369  2
2370  1
2371  1
2372  1
2373  0
2374  0
2375  1
2376  0
2377  0
2378  0
2379  1
2380  0
2381  1
2382  0
2383  1
2384  2
2385  1
2386  0
2387  1
2388  0
2389  0
2390  0
2391  0
2392  0
2393  0
2394  0
2395  0
2396  0
2397  0
2398  0
2399  0
2400  0
2401  0
2402  0
2403  0
2404  0
2405  0
2406  0
2407  0
2408  0
2409  0
2410  0
2411  0
2412  0
2413  0
2414  0
2415  0
2416  0
2417  0
2418  0
2419  0
2420  0
2421  0
2422  0
2423  0
2424  0
2425  0
2426  0
2427  0
2428  0
2429  0
2430  0
2431  0
2432  1124
2433  4
2434  0
2435  3
2436  1
2437  2
2438  1
2439  0
2440  0
2441  2
2442  2
2443  2
2444  0
2445  0
2446  0
2447  0
2448  0
2449  2
2450  0
2451  0
2452  0
2453  0
2454  0
2455  0
2456  0
2457  0
2458  0
2459  0
2460  0
2461  0
2462  0
2463  0
2464  0
2465  0
2466  0
2467  0
2468  0
2469  0
2470  0
2471  0
2472  0
2473  0
2474  0
2475  0
2476  0
2477  0
2478  0
2479  0
2480  0
2481  0
2482  0
2483  0
2484  0
2485  0
2486  0
2487  0
2488  0
2489  0
2490  0
2491  0
2492  0
2493  0
2494  0
2495  0
2496  815
2497  3
2498  1
2499  1
2500  3
2501  0
2502  0
2503  0
2504  4
2505  1
2506  1
2507  1
2508  1
2509  0
2510  1
2511  0
2512  0
2513  4
2514  2
2515  1
2516  1
2517  0
2518  0
2519  0
2520  0
2521  0
2522  0
2523  0
2524  0
2525  0
2526  0
2527  0
2528  0
2529  0
2530  0
2531  0
2532  0
2533  0
2534  0
2535  0
2536  0
2537  0
2538  0
2539  0
2540  0
2541  0
2542  0
2543  0
2544  0
2545  0
2546  0
2547  0
2548  0
2549  0
2550  0
2551  0
2552  0
2553  0
2554  0
2555  0
2556  0
2557  0
2558  0
2559  0
2560  344
2561  0
2562  1
2563  1
2564  1
2565  1
2566  0
2567  0
2568  2
2569  0
2570  0
2571  0
2572  1
2573  0
2574  1
2575  0
2576  4
2577  2
2578  1
2579  0
2580  0
2581  0
2582  0
2583  0
2584  0
2585  0
2586  0
2587  0
2588  0
2589  0
2590  0
2591  0
2592  0
2593  0
2594  0
2595  0
2596  0
2597  0
2598  0
2599  0
2600  0
2601  0
2602  0
2603  0
2604  0
2605  0
2606  0
2607  0
2608  0
2609  0
2610  0
2611  0
2612  0
2613  0
2614  0
2615  0
2616  0
2617  0
2618  0
2619  0
2620  0
2621  0
2622  0
2623  0
2624  93
2625  2
2626  0
2627  0
2628  0
2629  0
2630  0
2631  1
2632  1
2633  3
2634  1
2635  0
2636  0
2637  0
2638  0
2639  0
2640  0
2641  0
2642  0
2643  1
2644  0
2645  0
2646  0
2647  0
2648  0
2649  0
2650  0
2651  0
2652  0
2653  0
2654  0
2655  0
2656  0
2657  0
2658  0
2659  0
2660  0
2661  0
2662  0
2663  0
2664  0
2665  0
2666  0
2667  0
2668  0
2669  0
2670  0
2671  0
2672  0
2673  0
2674  0
2675  0
2676  0
2677  0
2678  0
2679  0
2680  0
2681  0
2682  0
2683  0
2684  0
2685  0
2686  0
2687  0
2688  38
2689  0
2690  0
2691  0
2692  0
2693  0
2694  0
2695  0
2696  0
2697  0
2698  0
2699  0
2700  0
2701  0
2702  0
2703  0
2704  0
2705  0
2706  1
2707  0
2708  0
2709  0
2710  0
2711  0
2712  0
2713  0
2714  0
2715  0
2716  0
2717  0
2718  0
2719  0
2720  0
2721  0
2722  0
2723  0
2724  0
2725  0
2726  0
2727  0
2728  0
2729  0
2730  0
2731  0
2732  0
2733  0
2734  0
2735  0
2736  0
2737  0
2738  0
2739  0
2740  0
2741  0
2742  0
2743  0
2744  0
2745  0
2746  0
2747  0
2748  0
2749  0
2750  0
2751  0
2752  32
2753  0
2754  0
2755  0
2756  0
2757  0
2758  0
2759  0
2760  0
2761  0
2762  0
2763  0
2764  0
2765  0
2766  0
2767  0
2768  0
2769  3
2770  0
2771  0
2772  0
2773  0
2774  0
2775  0
2776  0
2777  0
2778  0
2779  0
2780  0
2781  0
2782  0
2783  0
2784  0
2785  0
2786  0
2787  0
2788  0
2789  0
2790  0
2791  0
2792  0
2793  0
2794  0
2795  2
2796  0
2797  0
2798  0
2799  0
2800  0
2801  0
2802  0
2803  0
2804  0
2805  0
2806  0
2807  0
2808  0
2809  0
2810  0
2811  0
2812  0
2813  0
2814  0
2815  0
2816  38
2817  1
2818  0
2819  1
2820  1
2821  0
2822  1
2823  0
2824  0
2825  0
2826  0
2827  0
2828  0
2829  0
2830  0
2831  0
2832  1
2833  0
2834  1
2835  0
2836  0
2837  0
2838  0
2839  0
2840  0
2841  0
2842  0
2843  0
2844  0
2845  0
2846  0
2847  0
2848  0
2849  0
2850  0
2851  0
2852  0
2853  0
2854  0
2855  0
2856  0
2857  0
2858  0
2859  0
2860  0
2861  0
2862  0
2863  0
2864  0
2865  0
2866  0
2867  0
2868  0
2869  0
2870  0
2871  0
2872  0
2873  0
2874  0
2875  0
2876  0
2877  0
2878  0
2879  0
2880  31
2881  1
2882  0
2883  0
2884  0
2885  0
2886  0
2887  0
2888  0
2889  0
2890  0
2891  0
2892  0
2893  0
2894  0
2895  0
2896  0
2897  0
2898  0
2899  0
2900  0
2901  0
2902  0
2903  0
2904  0
2905  0
2906  0
2907  0
2908  0
2909  0
2910  0
2911  0
2912  0
2913  0
2914  0
2915  0
2916  0
2917  0
2918  0
2919  0
2920  0
2921  0
2922  0
2923  0
2924  0
2925  0
2926  0
2927  0
2928  0
2929  0
2930  0
2931  0
2932  0
2933  0
2934  0
2935  0
2936  0
2937  0
2938  0
2939  0
2940  0
2941  0
2942  0
2943  0
2944  15
2945  0
2946  0
2947  0
2948  0
2949  0
2950  0
2951  1
2952  0
2953  0
2954  0
2955  0
2956  0
2957  0
2958  0
2959  0
2960  0
2961  1
2962  0
2963  0
2964  0
2965  0
2966  0
2967  0
2968  0
2969  0
2970  0
2971  0
2972  0
2973  0
2974  0
2975  0
2976  0
2977  0
2978  0
2979  0
2980  0
2981  0
2982  0
2983  0
2984  0
2985  0
2986  0
2987  0
2988  0
2989  0
2990  0
2991  0
2992  0
2993  0
2994  0
2995  0
2996  0
2997  0
2998  0
2999  0
3000  0
3001  0
3002  0
3003  0
3004  0
3005  0
3006  0
3007  0
3008  16
3009  0
3010  0
3011  0
3012  0
3013  0
3014  0
3015  0
3016  0
3017  0
3018  0
3019  0
3020  0
3021  0
3022  0
3023  0
3024  0
3025  0
3026  0
3027  0
3028  0
3029  0
3030  0
3031  0
3032  0
3033  0
3034  0
3035  0
3036  0
3037  0
3038  0
3039  0
3040  0
3041  0
3042  0
3043  0
3044  0
3045  0
3046  0
3047  0
3048  0
3049  0
3050  0
3051  0
3052  0
3053  0
3054  0
3055  0
3056  0
3057  0
3058  0
3059  0
3060  0
3061  0
3062  0
3063  0
3064  0
3065  0
3066  0
3067  0
3068  0
3069  0
3070  0
3071  0
3072  12
3073  0
3074  0
3075  0
3076  0
3077  0
3078  0
3079  0
3080  0
3081  0
3082  0
3083  0
3084  0
3085  0
3086  0
3087  0
3088  1
3089  0
3090  0
3091  0
3092  0
3093  0
3094  0
3095  0
3096  0
3097  0
3098  0
3099  0
3100  0
3101  0
3102  0
3103  0
3104  0
3105  0
3106  0
3107  0
3108  0
3109  0
3110  0
3111  0
3112  0
3113  0
3114  0
3115  0
3116  0
3117  0
3118  0
3119  0
3120  0
3121  0
3122  0
3123  0
3124  0
3125  0
3126  0
3127  0
3128  0
3129  0
3130  0
3131  0
3132  0
3133  0
3134  0
3135  0
3136  13
3137  0
3138  0
3139  0
3140  0
3141  0
3142  0
3143  0
3144  0
3145  0
3146  1
3147  0
3148  0
3149  0
3150  0
3151  0
3152  0
3153  0
3154  0
3155  0
3156  0
3157  0
3158  0
3159  0
3160  0
3161  0
3162  0
3163  0
3164  0
3165  0
3166  0
3167  0
3168  0
3169  0
3170  0
3171  0
3172  0
3173  0
3174  0
3175  0
3176  0
3177  0
3178  0
3179  0
3180  0
3181  0
3182  0
3183  0
3184  0
3185  0
3186  0
3187  0
3188  0
3189  0
3190  0
3191  0
3192  0
3193  0
3194  0
3195  0
3196  0
3197  0
3198  0
3199  0
3200  196
3201  0
3202  0
3203  0
3204  0
3205  1
3206  0
3207  0
3208  0
3209  0
3210  1
3211  0
3212  0
3213  0
3214  0
3215  0
3216  1
3217  1
3218  0
3219  0
3220  0
3221  0
3222  0
3223  0
3224  0
3225  0
3226  0
3227  0
3228  0
3229  0
3230  0
3231  0
3232  0
3233  0
3234  0
3235  0
3236  0
3237  0
3238  0
3239  0
3240  0
3241  0
3242  0
3243  0
3244  0
3245  0
3246  0
3247  0
3248  0
3249  0
3250  0
3251  0
3252  1
3253  0
3254  0
3255  0
3256  0
3257  0
3258  0
3259  0
3260  0
3261  0
3262  0
3263  0
3264  48
3265  0
3266  0
3267  0
3268  0
3269  1
3270  0
3271  0
3272  0
3273  0
3274  0
3275  0
3276  0
3277  0
3278  0
3279  0
3280  0
3281  0
3282  0
3283  0
3284  0
3285  0
3286  0
3287  0
3288  0
3289  0
3290  0
3291  0
3292  0
3293  0
3294  0
3295  0
3296  0
3297  0
3298  0
3299  0
3300  0
3301  0
3302  0
3303  0
3304  0
3305  0
3306  0
3307  0
3308  0
3309  0
3310  0
3311  0
3312  0
3313  0
3314  0
3315  0
3316  1
3317  0
3318  0
3319  0
3320  0
3321  0
3322  0
3323  0
3324  0
3325  0
3326  0
3327  0
3328  0
3329  0
3330  0
3331  0
3332  0
3333  0
3334  0
3335  0
3336  0
3337  0
3338  0
3339  0
3340  0
3341  0
3342  0
3343  0
3344  0
3345  0
3346  0
3347  0
3348  0
3349  0
3350  0
3351  0
3352  0
3353  0
3354  0
3355  0
3356  0
3357  0
3358  0
3359  0
3360  0
3361  0
3362  0
3363  0
3364  0
3365  0
3366  0
3367  0
3368  0
3369  0
3370  0
3371  0
3372  0
3373  0
3374  0
3375  0
3376  0
3377  0
3378  0
3379  0
3380  0
3381  0
3382  0
3383  0
3384  0
3385  0
3386  0
3387  0
3388  0
3389  0
3390  0
3391  0
3392  0
3393  0
3394  0
3395  0
3396  0
3397  0
3398  0
3399  0
3400  0
3401  0
3402  0
3403  0
3404  0
3405  0
3406  0
3407  0
3408  0
3409  0
3410  0
3411  0
3412  0
3413  0
3414  0
3415  0
3416  0
3417  0
3418  0
3419  0
3420  0
3421  0
3422  0
3423  0
3424  0
3425  0
3426  0
3427  0
3428  0
3429  0
3430  0
3431  0
3432  0
3433  0
3434  0
3435  0
3436  0
3437  0
3438  0
3439  0
3440  0
3441  0
3442  0
3443  0
3444  0
3445  0
3446  0
3447  0
3448  0
3449  0
3450  0
3451  0
3452  0
3453  0
3454  0
3455  0
3456  0
3457  0
3458  0
3459  0
3460  0
3461  0
3462  0
3463  0
3464  0
3465  0
3466  0
3467  0
3468  0
3469  0
3470  0
3471  0
3472  0
3473  0
3474  0
3475  0
3476  0
3477  0
3478  0
3479  0
3480  0
3481  0
3482  0
3483  0
3484  0
3485  0
3486  0
3487  0
3488  0
3489  0
3490  0
3491  0
3492  0
3493  0
3494  0
3495  0
3496  0
3497  0
3498  0
3499  0
3500  0
3501  0
3502  0
3503  0
3504  0
3505  0
3506  0
3507  0
3508  0
3509  0
3510  0
3511  0
3512  0
3513  0
3514  0
3515  0
3516  0
3517  0
3518  0
3519  0
3520  0
3521  0
3522  0
3523  0
3524  0
3525  0
3526  0
3527  0
3528  0
3529  0
3530  0
3531  0
3532  0
3533  0
3534  0
3535  0
3536  0
3537  0
3538  0
3539  0
3540  0
3541  0
3542  0
3543  0
3544  0
3545  0
3546  0
3547  0
3548  0
3549  0
3550  0
3551  0
3552  0
3553  0
3554  0
3555  0
3556  0
3557  0
3558  0
3559  0
3560  0
3561  0
3562  0
3563  0
3564  0
3565  0
3566  0
3567  0
3568  0
3569  0
3570  0
3571  0
3572  0
3573  0
3574  0
3575  0
3576  0
3577  0
3578  0
3579  0
3580  0
3581  0
3582  0
3583  0
3584  0
3585  0
3586  0
3587  0
3588  0
3589  0
3590  0
3591  0
3592  0
3593  0
3594  0
3595  0
3596  0
3597  0
3598  0
3599  0
3600  0
3601  0
3602  0
3603  0
3604  0
3605  0
3606  0
3607  0
3608  0
3609  0
3610  0
3611  0
3612  0
3613  0
3614  0
3615  0
3616  0
3617  0
3618  0
3619  0
3620  0
3621  0
3622  0
3623  0
3624  0
3625  0
3626  0
3627  0
3628  0
3629  0
3630  0
3631  0
3632  0
3633  0
3634  0
3635  0
3636  0
3637  0
3638  0
3639  0
3640  0
3641  0
3642  0
3643  0
3644  0
3645  0
3646  0
3647  0
3648  0
3649  0
3650  0
3651  0
3652  0
3653  0
3654  0
3655  0
3656  0
3657  0
3658  0
3659  0
3660  0
3661  0
3662  0
3663  0
3664  0
3665  0
3666  0
3667  0
3668  0
3669  0
3670  0
3671  0
3672  0
3673  0
3674  0
3675  0
3676  0
3677  0
3678  0
3679  0
3680  0
3681  0
3682  0
3683  0
3684  0
3685  0
3686  0
3687  0
3688  0
3689  0
3690  0
3691  0
3692  0
3693  0
3694  0
3695  0
3696  0
3697  0
3698  0
3699  0
3700  0
3701  0
3702  0
3703  0
3704  0
3705  0
3706  0
3707  0
3708  0
3709  0
3710  0
3711  0
3712  0
3713  0
3714  0
3715  0
3716  0
3717  0
3718  0
3719  0
3720  0
3721  0
3722  0
3723  0
3724  0
3725  0
3726  0
3727  0
3728  0
3729  0
3730  0
3731  0
3732  0
3733  0
3734  0
3735  0
3736  0
3737  0
3738  0
3739  0
3740  0
3741  0
3742  0
3743  0
3744  0
3745  0
3746  0
3747  0
3748  0
3749  0
3750  0
3751  0
3752  0
3753  0
3754  0
3755  0
3756  0
3757  0
3758  0
3759  0
3760  0
3761  0
3762  0
3763  0
3764  0
3765  0
3766  0
3767  0
3768  0
3769  0
3770  0
3771  0
3772  0
3773  0
3774  0
3775  0
3776  0
3777  0
3778  0
3779  0
3780  0
3781  0
3782  0
3783  1
3784  0
3785  0
3786  4
3787  0
3788  1
3789  0
3790  0
3791  0
3792  2
3793  3
3794  1
3795  1
3796  0
3797  0
3798  0
3799  0
3800  0
3801  0
3802  0
3803  0
3804  0
3805  1
3806  0
3807  0
3808  0
3809  0
3810  0
3811  0
3812  0
3813  0
3814  0
3815  0
3816  0
3817  1
3818  1
3819  0
3820  0
3821  0
3822  0
3823  0
3824  0
3825  0
3826  0
3827  0
3828  0
3829  0
3830  0
3831  0
3832  0
3833  0
3834  0
3835  0
3836  0
3837  0
3838  0
3839  0
3840  0
3841  0
3842  0
3843  0
3844  0
3845  0
3846  0
3847  1
3848  0
3849  0
3850  0
3851  2
3852  0
3853  0
3854  0
3855  1
3856  0
3857  1
3858  1
3859  1
3860  1
3861  0
3862  0
3863  1
3864  0
3865  0
3866  0
3867  0
3868  0
3869  0
3870  0
3871  0
3872  0
3873  0
3874  0
3875  0
3876  0
3877  0
3878  0
3879  0
3880  0
3881  0
3882  0
3883  0
3884  0
3885  0
3886  0
3887  0
3888  0
3889  0
3890  0
3891  0
3892  0
3893  0
3894  0
3895  0
3896  0
3897  0
3898  0
3899  0
3900  0
3901  0
3902  0
3903  0
3904  0
3905  0
3906  0
3907  0
3908  0
3909  0
3910  0
3911  2
3912  3
3913  1
3914  0
3915  1
3916  2
3917  0
3918  0
3919  0
3920  3
3921  1
3922  0
3923  0
3924  1
3925  0
3926  0
3927  0
3928  1
3929  0
3930  0
3931  0
3932  1
3933  0
3934  0
3935  0
3936  0
3937  0
3938  1
3939  0
3940  0
3941  0
3942  0
3943  0
3944  0
3945  2
3946  0
3947  1
3948  0
3949  0
3950  0
3951  0
3952  0
3953  0
3954  0
3955  0
3956  0
3957  0
3958  0
3959  0
3960  0
3961  0
3962  0
3963  0
3964  0
3965  0
3966  0
3967  0
3968  0
3969  0
3970  0
3971  0
3972  0
3973  0
3974  0
3975  8
3976  10
3977  10
3978  9
3979  9
3980  6
3981  6
3982  4
3983  5
3984  19
3985  23
3986  10
3987  3
3988  1
3989  1
3990  3
3991  1
3992  0
3993  1
3994  3
3995  2
3996  3
3997  2
3998  0
3999  4
4000  2
4001  1
4002  0
4003  5
4004  0
4005  1
4006  1
4007  0
4008  5
4009  6
4010  3
4011  3
4012  2
4013  0
4014  0
4015  1
4016  0
4017  1
4018  0
4019  0
4020  0
4021  0
4022  0
4023  0
4024  0
4025  0
4026  0
4027  0
4028  0
4029  0
4030  0
4031  0
4032  5
4033  2
4034  1
4035  0
4036  0
4037  0
4038  12
4039  157
4040  145
4041  105
4042  79
4043  58
4044  53
4045  56
4046  68
4047  58
4048  120
4049  143
4050  109
4051  50
4052  27
4053  20
4054  12
4055  11
4056  25
4057  13
4058  19
4059  23
4060  20
4061  19
4062  17
4063  20
4064  16
4065  18
4066  9
4067  13
4068  8
4069  15
4070  15
4071  23
4072  18
4073  29
4074  22
4075  18
4076  16
4077  7
4078  9
4079  3
4080  3
4081  3
4082  60
4083  2
4084  11
4085  0
4086  0
4087  0
4088  0
4089  0
4090  0
4091  0
4092  0
4093  0
4094  4
4095  22
