0  4
1  0
2  0
3  0
4  0
5  0
6  0
7  0
8  0
9  0
10  0
11  0
12  0
13  0
14  0
15  0
16  0
17  0
18  0
19  0
20  0
21  0
22  0
23  0
24  0
25  0
26  0
27  0
28  0
29  0
30  0
31  0
32  0
33  0
34  0
35  0
36  0
37  0
38  0
39  0
40  0
41  0
42  0
43  0
44  0
45  0
46  0
47  0
48  0
49  0
50  0
51  0
52  0
53  0
54  0
55  0
56  0
57  0
58  0
59  0
60  0
61  0
62  0
63  0
64  0
65  0
66  0
67  0
68  0
69  0
70  0
71  0
72  0
73  0
74  0
75  0
76  0
77  0
78  0
79  0
80  0
81  0
82  0
83  0
84  0
85  0
86  0
87  0
88  0
89  0
90  0
91  0
92  0
93  0
94  0
95  0
96  0
97  0
98  0
99  0
100  0
101  0
102  0
103  0
104  0
105  0
106  0
107  0
108  2
109  0
110  2
111  4
112  5
113  10
114  12
115  6
116  4
117  4
118  4
119  11
120  9
121  4
122  7
123  5
124  6
125  10
126  10
127  5
128  8
129  2
130  7
131  4
132  7
133  8
134  6
135  6
136  6
137  6
138  10
139  9
140  4
141  7
142  3
143  7
144  5
145  5
146  7
147  5
148  4
149  8
150  8
151  6
152  4
153  6
154  5
155  7
156  2
157  6
158  7
159  7
160  6
161  9
162  6
163  8
164  7
165  4
166  6
167  2
168  5
169  1
170  3
171  3
172  4
173  2
174  7
175  7
176  11
177  3
178  3
179  10
180  4
181  6
182  7
183  8
184  5
185  8
186  7
187  3
188  5
189  3
190  5
191  4
192  4
193  5
194  5
195  4
196  3
197  3
198  3
199  5
200  5
201  8
202  4
203  8
204  6
205  3
206  1
207  3
208  5
209  3
210  3
211  3
212  1
213  3
214  4
215  2
216  2
217  2
218  3
219  2
220  3
221  3
222  4
223  1
224  4
225  3
226  5
227  1
228  4
229  6
230  1
231  5
232  2
233  1
234  1
235  4
236  3
237  1
238  2
239  3
240  3
241  1
242  4
243  1
244  2
245  3
246  4
247  4
248  2
249  3
250  5
251  5
252  4
253  6
254  11
255  3
256  5
257  2
258  10
259  9
260  16
261  6
262  10
263  13
264  8
265  9
266  12
267  10
268  16
269  17
270  11
271  8
272  13
273  14
274  13
275  12
276  11
277  13
278  23
279  18
280  11
281  15
282  16
283  21
284  13
285  15
286  12
287  16
288  12
289  21
290  10
291  17
292  15
293  6
294  16
295  12
296  12
297  10
298  6
299  11
300  7
301  8
302  4
303  11
304  6
305  14
306  4
307  4
308  1
309  12
310  5
311  5
312  8
313  11
314  7
315  8
316  5
317  6
318  3
319  4
320  5
321  4
322  4
323  4
324  5
325  2
326  6
327  3
328  2
329  2
330  1
331  2
332  0
333  2
334  3
335  2
336  1
337  0
338  5
339  0
340  1
341  3
342  2
343  2
344  1
345  1
346  3
347  1
348  1
349  0
350  3
351  2
352  2
353  0
354  0
355  0
356  0
357  2
358  0
359  0
360  1
361  0
362  0
363  0
364  0
365  1
366  1
367  1
368  1
369  0
370  0
371  0
372  0
373  0
374  1
375  1
376  0
377  1
378  0
379  0
380  0
381  0
382  1
383  1
384  0
385  0
386  0
387  0
388  0
389  0
390  0
391  1
392  0
393  0
394  1
395  0
396  1
397  0
398  0
399  1
400  1
401  1
402  0
403  0
404  0
405  0
406  0
407  0
408  0
409  0
410  0
411  0
412  1
413  0
414  0
415  0
416  2
417  2
418  0
419  0
420  0
421  0
422  0
423  1
424  0
425  0
426  0
427  0
428  0
429  0
430  0
431  0
432  1
433  0
434  0
435  0
436  0
437  0
438  0
439  0
440  0
441  0
442  0
443  0
444  0
445  0
446  0
447  0
448  0
449  1
450  1
451  1
452  0
453  0
454  0
455  0
456  2
457  0
458  0
459  0
460  0
461  1
462  0
463  0
464  1
465  0
466  1
467  0
468  1
469  0
470  0
471  0
472  0
473  0
474  0
475  0
476  2
477  1
478  0
479  0
480  0
481  0
482  0
483  0
484  0
485  0
486  0
487  0
488  0
489  2
490  0
491  0
492  0
493  0
494  0
495  0
496  0
497  0
498  0
499  0
500  0
501  1
502  0
503  0
504  0
505  1
506  0
507  0
508  0
509  0
510  0
511  1
512  0
513  0
514  0
515  0
516  0
517  0
518  1
519  1
520  1
521  0
522  0
523  1
524  0
525  1
526  1
527  0
528  1
529  1
530  0
531  0
532  0
533  0
534  0
535  0
536  0
537  1
538  0
539  0
540  0
541  1
542  0
543  0
544  0
545  1
546  0
547  0
548  0
549  0
550  0
551  0
552  0
553  0
554  1
555  0
556  1
557  0
558  0
559  0
560  0
561  0
562  0
563  0
564  0
565  0
566  0
567  0
568  0
569  0
570  0
571  1
572  0
573  1
574  0
575  0
576  0
577  0
578  0
579  0
580  0
581  0
582  0
583  0
584  0
585  0
586  0
587  1
588  0
589  0
590  0
591  0
592  0
593  0
594  0
595  0
596  0
597  0
598  0
599  0
600  0
601  0
602  0
603  0
604  0
605  0
606  0
607  0
608  1
609  1
610  0
611  0
612  0
613  0
614  0
615  0
616  0
617  0
618  0
619  0
620  0
621  0
622  0
623  0
624  0
625  0
626  0
627  0
628  0
629  0
630  0
631  0
632  0
633  1
634  0
635  0
636  1
637  0
638  0
639  0
640  0
641  1
642  1
643  0
644  0
645  0
646  0
647  0
648  1
649  0
650  0
651  0
652  0
653  0
654  0
655  0
656  0
657  0
658  0
659  0
660  0
661  0
662  0
663  1
664  0
665  0
666  1
667  0
668  0
669  0
670  0
671  1
672  0
673  0
674  0
675  0
676  0
677  1
678  0
679  0
680  0
681  0
682  0
683  0
684  0
685  1
686  0
687  0
688  1
689  0
690  1
691  0
692  0
693  2
694  0
695  0
696  0
697  0
698  0
699  0
700  0
701  1
702  0
703  0
704  1
705  0
706  0
707  0
708  0
709  0
710  0
711  0
712  0
713  0
714  0
715  0
716  0
717  1
718  0
719  1
720  0
721  0
722  0
723  0
724  0
725  0
726  0
727  1
728  0
729  0
730  0
731  0
732  0
733  0
734  1
735  0
736  0
737  0
738  0
739  0
740  0
741  0
742  0
743  0
744  0
745  0
746  1
747  0
748  0
749  0
750  0
751  0
752  0
753  0
754  0
755  0
756  0
757  0
758  0
759  1
760  0
761  0
762  0
763  0
764  0
765  0
766  0
767  0
768  0
769  0
770  0
771  0
772  0
773  0
774  0
775  0
776  0
777  0
778  0
779  0
780  0
781  0
782  0
783  0
784  0
785  0
786  0
787  0
788  0
789  0
790  0
791  0
792  0
793  0
794  0
795  0
796  0
797  0
798  0
799  0
800  0
801  0
802  0
803  0
804  0
805  0
806  0
807  0
808  0
809  0
810  0
811  0
812  0
813  0
814  0
815  0
816  0
817  0
818  0
819  0
820  0
821  0
822  1
823  0
824  0
825  0
826  0
827  0
828  0
829  0
830  0
831  0
832  0
833  0
834  0
835  0
836  0
837  0
838  1
839  1
840  2
841  0
842  0
843  0
844  0
845  0
846  0
847  0
848  0
849  0
850  0
851  0
852  0
853  0
854  0
855  0
856  0
857  0
858  0
859  0
860  0
861  0
862  0
863  0
864  0
865  0
866  0
867  0
868  0
869  0
870  0
871  0
872  0
873  0
874  0
875  0
876  0
877  0
878  0
879  0
880  0
881  0
882  0
883  0
884  0
885  0
886  0
887  0
888  0
889  0
890  0
891  0
892  0
893  0
894  0
895  0
896  0
897  0
898  0
899  0
900  0
901  0
902  0
903  0
904  0
905  0
906  0
907  0
908  0
909  0
910  0
911  0
912  0
913  0
914  0
915  0
916  0
917  0
918  0
919  0
920  0
921  0
922  0
923  0
924  0
925  0
926  0
927  0
928  0
929  0
930  0
931  0
932  0
933  0
934  0
935  0
936  0
937  0
938  0
939  0
940  0
941  0
942  0
943  0
944  0
945  0
946  0
947  0
948  0
949  0
950  0
951  0
952  0
953  0
954  0
955  0
956  0
957  0
958  0
959  0
960  0
961  0
962  0
963  0
964  0
965  0
966  0
967  0
968  0
969  0
970  0
971  0
972  0
973  0
974  0
975  0
976  0
977  0
978  0
979  0
980  0
981  0
982  0
983  0
984  0
985  0
986  0
987  0
988  0
989  0
990  0
991  0
992  0
993  0
994  0
995  0
996  0
997  0
998  0
999  0
1000  0
1001  0
1002  0
1003  0
1004  0
1005  0
1006  0
1007  0
1008  0
1009  0
1010  0
1011  0
1012  0
1013  0
1014  0
1015  0
1016  0
1017  0
1018  0
1019  0
1020  0
1021  0
1022  0
1023  0
